[Stand_0]

base=Transform3D(0.980339, -4.80563e-07, 0.197319, -0.123079, 0.781617, 0.611495, -0.154228, -0.623759, 0.76625, 1.66241e-09, -0.16022, 0.127385)
neck1=Transform3D(0.975207, -0.172769, 0.138282, 0.200571, 0.426047, -0.882188, 0.0935006, 0.888051, 0.450137, 1.67501e-09, 0.105489, 9.77955e-10)
neck2=Transform3D(0.220169, 0.188399, 0.957095, -0.351476, 0.930588, -0.102328, -0.909939, -0.313867, 0.271104, 1.75913e-09, 0.141676, -1.1745e-08)
neck3=Transform3D(0.415127, -0.820747, 0.392483, 0.506212, 0.566845, 0.64995, -0.755922, -0.0711323, 0.650785, -1.96398e-08, 0.13355, -8.92726e-11)
jaw_upper=Transform3D(0.220576, -0.542344, 0.810685, -0.429392, 0.692286, 0.579968, -0.875767, -0.476029, -0.0801768, 6.11264e-09, 0.107693, -6.22393e-09)
jaw_lower=Transform3D(0.807181, -0.56805, 0.160553, 0.326245, 0.655961, 0.680646, -0.491957, -0.497025, 0.714803, -0.0306355, 0.090399, -0.0268896)
tongue=Transform3D(0.822607, -0.565321, -0.0610731, 0.494899, 0.658939, 0.566458, -0.279987, -0.496197, 0.821825, -0.00493935, 0.0793569, -0.00433539)
leg_front_shoulder.L=Transform3D(0.0159867, 0.986448, -0.163291, -0.992603, 0.0353148, 0.11616, 0.120352, 0.160226, 0.979716, 1.67501e-09, 0.105489, 9.77955e-10)
leg_front_upper.L=Transform3D(0.917906, 0.394768, -0.0400852, 0.00210801, 0.0961689, 0.995363, 0.396792, -0.913734, 0.0874419, -1.39698e-09, 0.135897, 1.86265e-09)
leg_front_lower.L=Transform3D(-0.874315, 0.484602, 0.0271045, 0.474431, 0.865078, -0.162955, -0.102416, -0.129615, -0.986261, -6.40284e-09, 0.116795, -1.74623e-09)
leg_front_foot.L=Transform3D(0.000742435, -0.968699, -0.248237, 0.196413, 0.243543, -0.949794, 0.980521, -0.0480517, 0.190446, 2.79397e-09, 0.156206, 3.72529e-09)
wing_lower.L=Transform3D(0.0876314, 0.539993, -0.837095, -0.492751, 0.753818, 0.434689, 0.865746, 0.374387, 0.33214, 1.67501e-09, 0.105489, 9.77955e-10)
wing_upper.L=Transform3D(0.300049, -0.918618, -0.257121, 0.154765, -0.219091, 0.963352, -0.941285, -0.328846, 0.0764319, -3.31784e-09, 0.246909, 4.00905e-09)
leg_front_shoulder.R=Transform3D(0.0628159, -0.971879, -0.226949, 0.992534, 0.0370126, 0.116216, -0.104548, -0.232555, 0.966948, 1.67501e-09, 0.105489, 9.77955e-10)
leg_front_upper.R=Transform3D(0.773562, -0.632768, 0.0347343, 0.0236191, 0.0835598, 0.996223, -0.63328, -0.76982, 0.0795841, -6.51926e-09, 0.135897, 2.79397e-09)
leg_front_lower.R=Transform3D(-0.92762, -0.368917, -0.0584839, -0.344747, 0.905861, -0.246101, 0.143769, -0.208126, -0.967478, 1.12923e-08, 0.116795, -1.46683e-08)
leg_front_foot.R=Transform3D(0.11692, 0.930403, 0.347391, -0.223943, 0.36548, -0.903479, -0.967564, 0.0278391, 0.251089, -2.32831e-09, 0.156206, 3.0268e-09)
wing_lower.R=Transform3D(0.377471, -0.73002, 0.569725, 0.505116, 0.677969, 0.534056, -0.776127, 0.0861865, 0.624659, 1.67501e-09, 0.105489, 9.77955e-10)
wing_upper.R=Transform3D(0.321924, 0.902947, 0.284694, 0.0297415, -0.310198, 0.950207, 0.946298, -0.297427, -0.126715, 3.31784e-09, 0.246909, 3.16504e-09)
back1=Transform3D(0.986045, 0.148376, -0.0754989, -0.0417083, 0.659212, 0.7508, 0.16117, -0.737174, 0.656201, 1.67501e-09, 0.105489, 9.77955e-10)
back2=Transform3D(0.794874, 0.0160853, 0.606561, -0.327887, 0.852514, 0.407075, -0.510554, -0.522457, 0.682915, 1.44098e-11, 0.155432, -1.26544e-10)
tail1=Transform3D(0.99352, 0.086957, -0.0731934, -0.0826443, 0.99477, 0.0600259, 0.0780303, -0.0535879, 0.99551, 8.14765e-10, 0.181368, 1.22067e-09)
tail2=Transform3D(0.682889, -0.219574, -0.696742, -0.0909383, 0.92079, -0.379311, 0.72484, 0.322388, 0.608829, -6.40523e-09, 0.172281, 6.85311e-09)
tail3=Transform3D(0.477369, 0.171516, -0.861801, -0.544319, 0.82765, -0.13679, 0.689808, 0.534394, 0.488454, -9.35358e-10, 0.155635, -2.57428e-09)
leg_back_hip.L=Transform3D(0.0665577, 0.919062, 0.388451, -0.830043, 0.267048, -0.489606, -0.553714, -0.289844, 0.780635, 1.44098e-11, 0.155432, -1.26544e-10)
leg_back_upper.L=Transform3D(0.729461, 0.662418, -0.170555, -0.290403, 0.525667, 0.799587, 0.619316, -0.533738, 0.575822, -2.32831e-09, 0.112305, 0)
leg_back_lower.L=Transform3D(0.743413, -0.66539, -0.0677746, 0.668596, 0.736624, 0.101806, -0.0178166, -0.120998, 0.992493, 9.31323e-10, 0.119514, -5.12227e-09)
leg_back_foot.L=Transform3D(-0.0184827, 0.85663, -0.5156, -0.128696, -0.513437, -0.848422, -0.991512, 0.0506747, 0.119734, -1.30385e-08, 0.149302, -7.45058e-09)
leg_back_hip.R=Transform3D(0.023392, -0.89264, -0.450163, 0.829978, 0.268356, -0.489001, 0.557306, -0.362187, 0.747149, 1.44098e-11, 0.155432, -1.26544e-10)
leg_back_upper.R=Transform3D(0.811657, -0.570943, 0.123436, 0.258465, 0.540532, 0.800638, -0.52384, -0.61794, 0.586295, 6.98492e-09, 0.112305, -7.45058e-09)
leg_back_lower.R=Transform3D(0.654081, 0.753837, 0.0625159, -0.755875, 0.648219, 0.0920098, 0.0288364, -0.107436, 0.993794, -1.44355e-08, 0.119514, 1.49012e-08)
leg_back_foot.R=Transform3D(-0.00574791, -0.92835, 0.371662, 0.0705465, -0.371119, -0.925901, 0.997492, 0.0208975, 0.0676249, -4.65661e-09, 0.149302, 1.49012e-08)

[Stand_offset]

fp_offset=Vector2(0.504032, 1)
td_offset=Vector2(0.491935, 0.494957)

[Walk_0]

base=Transform3D(0.980339, -4.80563e-07, 0.197319, -0.123079, 0.781617, 0.611495, -0.154228, -0.623759, 0.76625, 2.41804e-09, -0.132357, 0.127385)
neck1=Transform3D(0.984425, -0.1195, 0.128949, 0.1587, 0.288431, -0.944257, 0.0756462, 0.950015, 0.302903, 1.67501e-09, 0.105489, 9.77955e-10)
neck2=Transform3D(0.222309, 0.0107492, 0.974917, -0.0466077, 0.998913, -0.000385906, -0.973862, -0.0453528, 0.222568, 1.75913e-09, 0.141676, -1.1745e-08)
neck3=Transform3D(0.533727, -0.71125, 0.457449, 0.534566, 0.702915, 0.469202, -0.655267, -0.00588905, 0.755374, -1.96398e-08, 0.13355, -8.92726e-11)
jaw_upper=Transform3D(0.268802, -0.552968, 0.788652, -0.448503, 0.652748, 0.610545, -0.852402, -0.517829, -0.0725479, 6.11264e-09, 0.107693, -6.22393e-09)
jaw_lower=Transform3D(0.820412, -0.568447, 0.0615732, 0.366705, 0.605734, 0.706126, -0.438692, -0.556735, 0.705404, -0.0298996, 0.0890817, -0.0273239)
tongue=Transform3D(0.809969, -0.575208, -0.114388, 0.520875, 0.615926, 0.591036, -0.269514, -0.538303, 0.798494, -0.0125032, 0.0813581, -0.00215147)
leg_front_shoulder.L=Transform3D(-0.225834, 0.947571, -0.22607, -0.972962, -0.207864, 0.100685, 0.0484143, 0.242696, 0.968893, 1.67501e-09, 0.105489, 9.77955e-10)
leg_front_upper.L=Transform3D(0.535602, 0.803409, -0.260124, 0.216298, 0.167241, 0.961897, 0.816299, -0.571459, -0.0842011, -1.39698e-09, 0.135897, 1.86265e-09)
leg_front_lower.L=Transform3D(-0.972605, 0.229722, -0.0355882, 0.230848, 0.972476, -0.0316046, 0.0273484, -0.0389542, -0.998867, -6.40284e-09, 0.116795, -1.74623e-09)
leg_front_foot.L=Transform3D(0.127772, -0.871035, -0.474312, 0.166559, 0.490284, -0.855499, 0.977718, 0.0303079, 0.207723, 2.79397e-09, 0.156206, 3.72529e-09)
wing_lower.L=Transform3D(-0.100648, 0.495158, -0.862953, -0.174419, 0.845144, 0.505282, 0.979514, 0.201371, 0.0013029, 1.67501e-09, 0.105489, 9.77955e-10)
wing_upper.L=Transform3D(-0.251082, -0.962063, 0.106736, 0.0716986, 0.0914811, 0.993222, -0.965307, 0.257033, 0.0460093, -3.31784e-09, 0.246909, 4.00905e-09)
leg_front_shoulder.R=Transform3D(0.0880466, -0.897364, -0.432419, 0.991145, 0.0356075, 0.127918, -0.0993915, -0.439853, 0.892553, 1.67501e-09, 0.105489, 9.77955e-10)
leg_front_upper.R=Transform3D(0.985208, -0.144492, 0.0921226, -0.0604757, 0.209825, 0.975867, -0.160335, -0.967003, 0.197983, -6.51926e-09, 0.135897, 2.79397e-09)
leg_front_lower.R=Transform3D(-0.388909, -0.918607, 0.0700714, -0.92125, 0.387199, -0.0370845, 0.00693448, -0.0789758, -0.996852, 1.12923e-08, 0.116795, -1.46683e-08)
leg_front_foot.R=Transform3D(0.190855, 0.558217, 0.807445, -0.0783479, 0.828604, -0.554326, -0.978487, 0.0425341, 0.201878, -2.32831e-09, 0.156206, 3.0268e-09)
wing_lower.R=Transform3D(0.51936, -0.497767, 0.694617, 0.290036, 0.867267, 0.404631, -0.803831, -0.00868547, 0.594794, 1.67501e-09, 0.105489, 9.77955e-10)
wing_upper.R=Transform3D(-0.0255557, 0.914478, -0.403828, -0.0253233, 0.403238, 0.914745, 0.999353, 0.0336032, 0.0128526, 3.31784e-09, 0.246909, 3.16504e-09)
back1=Transform3D(0.986045, 0.148376, -0.0754989, -0.0417083, 0.659212, 0.7508, 0.16117, -0.737174, 0.656201, 1.67501e-09, 0.105489, 9.77955e-10)
back2=Transform3D(0.762211, 0.120068, 0.636095, -0.352751, 0.90097, 0.252624, -0.542771, -0.416936, 0.729084, 1.44098e-11, 0.155432, -1.26544e-10)
tail1=Transform3D(0.994947, 0.0258523, -0.0970128, -0.0228527, 0.99923, 0.0319043, 0.0977628, -0.0295261, 0.994772, 8.14765e-10, 0.181368, 1.22067e-09)
tail2=Transform3D(0.652765, -0.24079, -0.718275, 0.0381117, 0.957379, -0.28631, 0.756602, 0.159518, 0.63412, -6.40523e-09, 0.172281, 6.85311e-09)
tail3=Transform3D(0.506602, 0.0937213, -0.857071, -0.423801, 0.89276, -0.152878, 0.750831, 0.440676, 0.491993, -9.35358e-10, 0.155635, -2.57428e-09)
leg_back_hip.L=Transform3D(-0.027971, 0.88927, 0.456527, -0.828578, 0.234852, -0.508235, -0.559174, -0.392484, 0.730261, 1.44098e-11, 0.155432, -1.26544e-10)
leg_back_upper.L=Transform3D(0.815608, 0.524163, -0.245025, -0.211492, 0.664242, 0.716975, 0.538568, -0.53295, 0.652617, -2.32831e-09, 0.112305, 0)
leg_back_lower.L=Transform3D(0.571832, -0.820157, -0.0187527, 0.813536, 0.563975, 0.141746, -0.105678, -0.096311, 0.989725, 9.31323e-10, 0.119514, -5.12227e-09)
leg_back_foot.L=Transform3D(-0.044049, 0.727144, -0.68507, -0.229227, -0.674797, -0.701501, -0.972376, 0.126136, 0.196405, -1.30385e-08, 0.149302, -7.45058e-09)
leg_back_hip.R=Transform3D(-0.225381, -0.871451, -0.435634, 0.806827, 0.0836858, -0.58483, 0.546107, -0.483291, 0.684249, 1.44098e-11, 0.155432, -1.26544e-10)
leg_back_upper.R=Transform3D(0.634617, -0.720014, 0.280787, 0.283543, 0.554911, 0.782098, -0.718933, -0.416717, 0.556311, 6.98492e-09, 0.112305, -7.45058e-09)
leg_back_lower.R=Transform3D(0.685972, 0.725864, 0.0506289, -0.72618, 0.678562, 0.110522, 0.0458694, -0.112581, 0.992583, -1.44355e-08, 0.119514, 1.49012e-08)
leg_back_foot.R=Transform3D(0.336552, -0.861233, 0.380802, 0.124793, -0.360034, -0.924555, 0.933359, 0.358682, -0.0136944, -4.65661e-09, 0.149302, 1.49012e-08)

[Walk_1]

base=Transform3D(0.980339, -4.80563e-07, 0.197319, -0.123079, 0.781617, 0.611495, -0.154228, -0.623759, 0.76625, 2.29144e-09, -0.141862, 0.127385)
neck1=Transform3D(0.982248, -0.131685, 0.133595, 0.166846, 0.287794, -0.943047, 0.0857371, 0.948596, 0.304656, 1.67501e-09, 0.105489, 9.77955e-10)
neck2=Transform3D(0.222429, -0.00777181, 0.974918, 0.0336974, 0.999432, 0.000279117, -0.974366, 0.0327901, 0.222565, 1.75913e-09, 0.141676, -1.1745e-08)
neck3=Transform3D(0.523754, -0.724123, 0.448696, 0.544241, 0.689645, 0.477694, -0.65535, -0.00599559, 0.755302, -1.96398e-08, 0.13355, -8.92726e-11)
jaw_upper=Transform3D(0.295126, -0.496095, 0.816572, -0.412012, 0.705017, 0.577232, -0.862059, -0.506794, 0.00367177, 6.11264e-09, 0.107693, -6.22393e-09)
jaw_lower=Transform3D(0.857287, -0.512091, 0.0531171, 0.353591, 0.660634, 0.662221, -0.374208, -0.548932, 0.747423, -0.0290864, 0.0907925, -0.0282858)
tongue=Transform3D(0.844444, -0.519042, -0.132322, 0.498124, 0.670129, 0.550272, -0.196941, -0.530587, 0.824434, -0.0133796, 0.0808911, -0.00271434)
leg_front_shoulder.L=Transform3D(0.0255119, 0.999013, 0.0363638, -0.992032, 0.0208107, 0.124258, 0.123379, -0.0392441, 0.991583, 1.67501e-09, 0.105489, 9.77955e-10)
leg_front_upper.L=Transform3D(0.717068, 0.690257, -0.0967423, -0.0246621, 0.163837, 0.986179, 0.696567, -0.704772, 0.134505, -1.39698e-09, 0.135897, 1.86265e-09)
leg_front_lower.L=Transform3D(-0.907842, 0.415144, -0.058973, 0.4172, 0.908389, -0.0278116, 0.0420246, -0.0498521, -0.997872, -6.40284e-09, 0.116795, -1.74623e-09)
leg_front_foot.L=Transform3D(0.127802, -0.853947, -0.504421, 0.160542, 0.519696, -0.839131, 0.97872, 0.0262619, 0.203512, 2.79397e-09, 0.156206, 3.72529e-09)
wing_lower.L=Transform3D(-0.159293, 0.464352, -0.871208, -0.153942, 0.859998, 0.486524, 0.975155, 0.211615, -0.0655084, 1.67501e-09, 0.105489, 9.77955e-10)
wing_upper.L=Transform3D(-0.229818, -0.970788, 0.0689562, 0.0576729, 0.0571436, 0.996699, -0.971523, 0.233036, 0.0428555, -3.31784e-09, 0.246909, 4.00905e-09)
leg_front_shoulder.R=Transform3D(-0.172399, -0.967763, -0.183612, 0.976069, -0.192919, 0.100355, -0.132542, -0.161917, 0.977863, 1.67501e-09, 0.105489, 9.77955e-10)
leg_front_upper.R=Transform3D(0.798804, -0.519887, 0.302703, -0.246506, 0.176128, 0.953002, -0.548769, -0.83588, 0.0125365, -6.51926e-09, 0.135897, 2.79397e-09)
leg_front_lower.R=Transform3D(-0.484578, -0.873976, 0.0367413, -0.874545, 0.483132, -0.0418907, 0.0188606, -0.0524312, -0.998446, 1.12923e-08, 0.116795, -1.46683e-08)
leg_front_foot.R=Transform3D(0.220122, 0.322175, 0.920733, -0.0406496, 0.946094, -0.321331, -0.974625, 0.0333046, 0.221352, -2.32831e-09, 0.156206, 3.0268e-09)
wing_lower.R=Transform3D(0.472317, -0.517256, 0.713697, 0.312131, 0.855388, 0.413383, -0.824312, 0.0275191, 0.565466, 1.67501e-09, 0.105489, 9.77955e-10)
wing_upper.R=Transform3D(0.081206, 0.921477, -0.37985, 0.00607032, 0.380644, 0.924702, 0.996679, -0.077397, 0.0253169, 3.31784e-09, 0.246909, 3.16504e-09)
back1=Transform3D(0.986045, 0.148376, -0.0754989, -0.0417083, 0.659212, 0.7508, 0.16117, -0.737174, 0.656201, 1.67501e-09, 0.105489, 9.77955e-10)
back2=Transform3D(0.796412, -0.000222892, 0.604755, -0.282716, 0.883862, 0.372639, -0.534603, -0.467748, 0.703855, 1.44098e-11, 0.155432, -1.26544e-10)
tail1=Transform3D(0.994642, 0.0362426, -0.0968212, -0.0320184, 0.998481, 0.0448323, 0.098299, -0.041492, 0.994292, 8.14765e-10, 0.181368, 1.22067e-09)
tail2=Transform3D(0.707023, -0.0558782, -0.704979, -0.207223, 0.936747, -0.282072, 0.676148, 0.34552, 0.650722, -6.40523e-09, 0.172281, 6.85311e-09)
tail3=Transform3D(0.347606, 0.38845, -0.853391, -0.600142, 0.791465, 0.11581, 0.720416, 0.4719, 0.508243, -9.35358e-10, 0.155635, -2.57428e-09)
leg_back_hip.L=Transform3D(-0.186916, 0.922266, 0.338361, -0.8006, 0.056594, -0.59652, -0.5693, -0.382391, 0.727787, 1.44098e-11, 0.155432, -1.26544e-10)
leg_back_upper.L=Transform3D(0.613477, 0.723194, -0.317232, -0.308378, 0.589194, 0.746829, 0.727013, -0.360335, 0.584474, -2.32831e-09, 0.112305, 0)
leg_back_lower.L=Transform3D(0.326277, -0.945002, 0.0226675, 0.920497, 0.323088, 0.21977, -0.215007, -0.0508407, 0.975288, 9.31323e-10, 0.119514, -5.12227e-09)
leg_back_foot.L=Transform3D(0.162235, 0.602535, -0.781429, -0.397252, -0.685028, -0.610678, -0.903256, 0.409498, 0.128223, -1.30385e-08, 0.149302, -7.45058e-09)
leg_back_hip.R=Transform3D(-0.0401509, -0.822811, -0.566895, 0.830686, 0.287813, -0.476576, 0.555292, -0.490046, 0.671942, 1.44098e-11, 0.155432, -1.26544e-10)
leg_back_upper.R=Transform3D(0.863228, -0.455665, 0.21727, 0.177517, 0.676908, 0.714341, -0.472572, -0.57807, 0.665214, 6.98492e-09, 0.112305, -7.45058e-09)
leg_back_lower.R=Transform3D(0.701885, 0.710161, 0.0550411, -0.711542, 0.695509, 0.0998752, 0.0326459, -0.109265, 0.993476, -1.44355e-08, 0.119514, 1.49012e-08)
leg_back_foot.R=Transform3D(-0.0021925, -0.908529, 0.417816, 0.0389413, -0.417578, -0.907806, 0.999239, 0.01428, 0.0362948, -4.65661e-09, 0.149302, 1.49012e-08)

[Walk_2]

base=Transform3D(0.980339, -4.80563e-07, 0.197319, -0.123079, 0.781617, 0.611495, -0.154228, -0.623759, 0.76625, 2.50293e-09, -0.150794, 0.127385)
neck1=Transform3D(0.965896, -0.192695, 0.172955, 0.224356, 0.289378, -0.930551, 0.129263, 0.937619, 0.322741, 1.67501e-09, 0.105489, 9.77955e-10)
neck2=Transform3D(0.222348, -0.00987639, 0.974917, 0.0428231, 0.999083, 0.000354575, -0.974026, 0.0416702, 0.222567, 1.75913e-09, 0.141676, -1.1745e-08)
neck3=Transform3D(0.536655, -0.707379, 0.460018, 0.531657, 0.70681, 0.466648, -0.655243, -0.0058573, 0.755396, -1.96398e-08, 0.13355, -8.92726e-11)
jaw_upper=Transform3D(0.219905, -0.514425, 0.82886, -0.412097, 0.721137, 0.556901, -0.884205, -0.464036, -0.0534115, 6.11264e-09, 0.107693, -6.22393e-09)
jaw_lower=Transform3D(0.836531, -0.533232, 0.126008, 0.333366, 0.677835, 0.655291, -0.434835, -0.506165, 0.744792, -0.0303488, 0.0913854, -0.0269452)
tongue=Transform3D(0.842357, -0.536026, -0.0557763, 0.475229, 0.690008, 0.545936, -0.25415, -0.48638, 0.835968, -0.0132048, 0.0808961, -0.00273191)
leg_front_shoulder.L=Transform3D(0.154515, 0.974689, 0.161574, -0.979034, 0.129082, 0.157576, 0.132731, -0.182534, 0.974199, 1.67501e-09, 0.105489, 9.77955e-10)
leg_front_upper.L=Transform3D(0.871703, 0.489659, 0.0191772, -0.144917, 0.220206, 0.964629, 0.468116, -0.843649, 0.262914, -1.39698e-09, 0.135897, 1.86265e-09)
leg_front_lower.L=Transform3D(-0.647396, 0.75754, -0.0837322, 0.761158, 0.64825, -0.0202554, 0.0389351, -0.0768468, -0.996282, -6.40284e-09, 0.116795, -1.74623e-09)
leg_front_foot.L=Transform3D(0.13452, -0.814309, -0.564628, 0.147458, 0.579913, -0.801222, 0.979878, 0.0245215, 0.198086, 2.79397e-09, 0.156206, 3.72529e-09)
wing_lower.L=Transform3D(-0.376692, 0.309686, -0.873039, -0.101318, 0.923034, 0.371136, 0.920781, 0.228259, -0.316323, 1.67501e-09, 0.105489, 9.77955e-10)
wing_upper.L=Transform3D(-0.269968, -0.951414, 0.148084, 0.0837371, 0.130013, 0.98797, -0.959221, 0.279121, 0.0445694, -3.31784e-09, 0.246909, 4.00905e-09)
leg_front_shoulder.R=Transform3D(-0.298475, -0.952888, -0.0540188, 0.946782, -0.302758, 0.109278, -0.120484, -0.0185273, 0.992543, 1.67501e-09, 0.105489, 9.77955e-10)
leg_front_upper.R=Transform3D(0.405387, -0.866634, 0.290873, -0.262568, 0.194396, 0.945129, -0.875625, -0.459517, -0.148745, -6.51926e-09, 0.135897, 2.79397e-09)
leg_front_lower.R=Transform3D(-0.963548, -0.266999, 0.0169385, -0.26746, 0.962852, -0.0371523, -0.00638962, -0.0403284, -0.999166, 1.12923e-08, 0.116795, -1.46683e-08)
leg_front_foot.R=Transform3D(0.193494, 0.794565, 0.575523, -0.168632, 0.604814, -0.778308, -0.966501, 0.0535463, 0.251017, -2.32831e-09, 0.156206, 3.0268e-09)
wing_lower.R=Transform3D(0.301766, -0.453329, 0.838707, 0.297679, 0.880538, 0.368835, -0.905718, 0.138364, 0.400663, 1.67501e-09, 0.105489, 9.77955e-10)
wing_upper.R=Transform3D(0.15021, 0.964484, -0.217274, -0.0459647, 0.226343, 0.972962, 0.987585, -0.136162, 0.0783311, 3.31784e-09, 0.246909, 3.16504e-09)
back1=Transform3D(0.986045, 0.148376, -0.0754989, -0.0417083, 0.659212, 0.7508, 0.16117, -0.737174, 0.656201, 1.67501e-09, 0.105489, 9.77955e-10)
back2=Transform3D(0.81006, -0.0593124, 0.583339, -0.246163, 0.868548, 0.430148, -0.532172, -0.492042, 0.688975, 1.44098e-11, 0.155432, -1.26544e-10)
tail1=Transform3D(0.995235, -0.013997, -0.0965004, 0.0123456, 0.999767, -0.0176886, 0.0967255, 0.0164129, 0.995176, 8.14765e-10, 0.181368, 1.22067e-09)
tail2=Transform3D(0.706086, -0.0617987, -0.705424, -0.199732, 0.938357, -0.282124, 0.679374, 0.3401, 0.650217, -6.40523e-09, 0.172281, 6.85311e-09)
tail3=Transform3D(0.407234, 0.294001, -0.86471, -0.547499, 0.836386, 0.0265269, 0.73103, 0.462625, 0.50157, -9.35358e-10, 0.155635, -2.57428e-09)
leg_back_hip.L=Transform3D(-0.263056, 0.925173, 0.273598, -0.774919, -0.0336827, -0.631162, -0.574719, -0.378047, 0.725795, 1.44098e-11, 0.155432, -1.26544e-10)
leg_back_upper.L=Transform3D(0.49268, 0.799259, -0.344168, -0.346572, 0.542998, 0.76488, 0.79822, -0.257562, 0.544525, -2.32831e-09, 0.112305, 0)
leg_back_lower.L=Transform3D(0.558617, -0.82924, -0.017561, 0.820992, 0.549801, 0.15392, -0.117982, -0.1004, 0.987927, 9.31323e-10, 0.119514, -5.12227e-09)
leg_back_foot.L=Transform3D(0.377985, 0.60825, -0.697968, -0.335333, -0.61276, -0.715596, -0.862948, 0.504536, -0.0276478, -1.30385e-08, 0.149302, -7.45058e-09)
leg_back_hip.R=Transform3D(-0.0596831, -0.830096, -0.554417, 0.830222, 0.267093, -0.489277, 0.554228, -0.489491, 0.673223, 1.44098e-11, 0.155432, -1.26544e-10)
leg_back_upper.R=Transform3D(0.821706, -0.517485, 0.238763, 0.206603, 0.660931, 0.721446, -0.531144, -0.543488, 0.650005, 6.98492e-09, 0.112305, -7.45058e-09)
leg_back_lower.R=Transform3D(0.608734, 0.792889, 0.0277443, -0.788673, 0.600956, 0.129795, 0.0862401, -0.100892, 0.991152, -1.44355e-08, 0.119514, 1.49012e-08)
leg_back_foot.R=Transform3D(0.0481665, -0.835193, 0.547844, 0.0204753, -0.54754, -0.836529, 0.998629, 0.05151, -0.00927234, -4.65661e-09, 0.149302, 1.49012e-08)

[Walk_3]

base=Transform3D(0.980339, -4.80563e-07, 0.197319, -0.123079, 0.781617, 0.611495, -0.154228, -0.623759, 0.76625, 3.20142e-09, -0.13535, 0.127385)
neck1=Transform3D(0.954463, -0.226479, 0.194187, 0.256185, 0.288671, -0.922518, 0.152875, 0.930256, 0.333546, 1.67501e-09, 0.105489, 9.77955e-10)
neck2=Transform3D(0.22238, -0.00910913, 0.974918, 0.0394962, 0.99922, 0.000327071, -0.97416, 0.0384328, 0.222566, 1.75913e-09, 0.141676, -1.1745e-08)
neck3=Transform3D(0.554626, -0.68265, 0.475792, 0.513071, 0.730723, 0.450335, -0.655094, -0.00565207, 0.755526, -1.96398e-08, 0.13355, -8.92726e-11)
jaw_upper=Transform3D(0.134059, -0.561952, 0.816234, -0.442311, 0.70314, 0.556736, -0.886786, -0.435664, -0.154295, 6.11264e-09, 0.107693, -6.22393e-09)
jaw_lower=Transform3D(0.793191, -0.575708, 0.198513, 0.313529, 0.665524, 0.677331, -0.52206, -0.475014, 0.708389, -0.0319784, 0.0909334, -0.0254559)
tongue=Transform3D(0.808525, -0.587923, 0.0251742, 0.470085, 0.671022, 0.573366, -0.353988, -0.451747, 0.818912, -0.0124362, 0.0811489, -0.00246901)
leg_front_shoulder.L=Transform3D(0.0148574, 0.999558, 0.0257488, -0.992447, 0.0116059, 0.122119, 0.121766, -0.0273687, 0.992181, 1.67501e-09, 0.105489, 9.77955e-10)
leg_front_upper.L=Transform3D(0.987429, 0.134222, -0.0834752, 0.0536394, 0.212228, 0.975747, 0.148682, -0.967959, 0.20236, -1.39698e-09, 0.135897, 1.86265e-09)
leg_front_lower.L=Transform3D(-0.376181, 0.923741, -0.0720425, 0.92653, 0.374584, -0.0350386, -0.00538062, -0.0799304, -0.996786, -6.40284e-09, 0.116795, -1.74623e-09)
leg_front_foot.L=Transform3D(0.173326, -0.669802, -0.722027, 0.122301, 0.742086, -0.659052, 0.977241, 0.0259263, 0.21054, 2.79397e-09, 0.156206, 3.72529e-09)
wing_lower.L=Transform3D(-0.514479, 0.202432, -0.833266, -0.0833227, 0.955336, 0.283533, 0.853445, 0.215302, -0.474633, 1.67501e-09, 0.105489, 9.77955e-10)
wing_upper.L=Transform3D(-0.31812, -0.915496, 0.246308, 0.122705, 0.217859, 0.968236, -0.940076, 0.338238, 0.0430306, -3.31784e-09, 0.246909, 4.00905e-09)
leg_front_shoulder.R=Transform3D(-0.161767, -0.96752, -0.194261, 0.977866, -0.183632, 0.100284, -0.132699, -0.173739, 0.97581, 1.67501e-09, 0.105489, 9.77955e-10)
leg_front_upper.R=Transform3D(0.551058, -0.795746, 0.251244, -0.20377, 0.163649, 0.965245, -0.809205, -0.583102, -0.0719691, -6.51926e-09, 0.135897, 2.79397e-09)
leg_front_lower.R=Transform3D(-0.966237, -0.25466, 0.0391671, -0.255842, 0.966288, -0.0288304, -0.0305048, -0.0378776, -0.998816, 1.12923e-08, 0.116795, -1.46683e-08)
leg_front_foot.R=Transform3D(0.159164, 0.863375, 0.478801, -0.163037, 0.501311, -0.849768, -0.973697, 0.0571902, 0.220553, -2.32831e-09, 0.156206, 3.0268e-09)
wing_lower.R=Transform3D(0.181219, -0.395076, 0.900597, 0.288085, 0.896913, 0.335491, -0.940301, 0.198651, 0.276353, 1.67501e-09, 0.105489, 9.77955e-10)
wing_upper.R=Transform3D(0.170346, 0.980093, -0.101978, -0.0893721, 0.118431, 0.988932, 0.981323, -0.159347, 0.107767, 3.31784e-09, 0.246909, 3.16504e-09)
back1=Transform3D(0.986045, 0.148376, -0.0754989, -0.0417083, 0.659212, 0.7508, 0.16117, -0.737174, 0.656201, 1.67501e-09, 0.105489, 9.77955e-10)
back2=Transform3D(0.795188, 0.00466347, 0.606345, -0.285674, 0.88492, 0.36784, -0.534851, -0.465719, 0.70501, 1.44098e-11, 0.155432, -1.26544e-10)
tail1=Transform3D(0.995235, -0.013997, -0.0965003, 0.0123456, 0.999767, -0.0176886, 0.0967254, 0.0164129, 0.995176, 8.14765e-10, 0.181368, 1.22067e-09)
tail2=Transform3D(0.679841, -0.170151, -0.713347, -0.0585004, 0.95703, -0.284028, 0.731022, 0.234825, 0.640674, -6.40523e-09, 0.172281, 6.85311e-09)
tail3=Transform3D(0.505906, 0.0954019, -0.857297, -0.424901, 0.892485, -0.151424, 0.750679, 0.440872, 0.49205, -9.35358e-10, 0.155635, -2.57428e-09)
leg_back_hip.L=Transform3D(-0.180545, 0.921624, 0.343529, -0.80237, 0.0639972, -0.593386, -0.568864, -0.38277, 0.727929, 1.44098e-11, 0.155432, -1.26544e-10)
leg_back_upper.L=Transform3D(0.622899, 0.716199, -0.31473, -0.304911, 0.592764, 0.745426, 0.720434, -0.368361, 0.587609, -2.32831e-09, 0.112305, 0)
leg_back_lower.L=Transform3D(0.689795, -0.72216, -0.0516569, 0.722744, 0.682628, 0.107982, -0.0427177, -0.11182, 0.99281, 9.31323e-10, 0.119514, -5.12227e-09)
leg_back_foot.L=Transform3D(0.0538566, 0.917956, -0.393009, -0.127622, -0.384025, -0.91446, -0.99036, 0.0994064, 0.096469, -1.30385e-08, 0.149302, -7.45058e-09)
leg_back_hip.R=Transform3D(-0.205857, -0.86853, -0.450865, 0.811442, 0.106026, -0.574735, 0.546978, -0.484164, 0.682935, 1.44098e-11, 0.155432, -1.26544e-10)
leg_back_upper.R=Transform3D(0.573316, -0.760122, 0.305816, 0.310624, 0.547032, 0.777347, -0.758169, -0.350672, 0.549734, 6.98492e-09, 0.112305, -7.45058e-09)
leg_back_lower.R=Transform3D(0.334616, 0.942105, -0.0216965, -0.918252, 0.331145, 0.217157, 0.211769, -0.0527412, 0.975896, -1.44355e-08, 0.119514, 1.49012e-08)
leg_back_foot.R=Transform3D(0.239064, -0.71296, 0.659193, 0.0880053, -0.660175, -0.745938, 0.967007, 0.23634, -0.0950799, -4.65661e-09, 0.149302, 1.49012e-08)

[Walk_4]

base=Transform3D(0.980339, -4.80563e-07, 0.197319, -0.123079, 0.781617, 0.611495, -0.154228, -0.623759, 0.76625, 2.17066e-09, -0.138131, 0.127385)
neck1=Transform3D(0.951426, -0.234685, 0.19928, 0.263914, 0.288343, -0.920439, 0.158552, 0.928322, 0.336274, 1.67501e-09, 0.105489, 9.77955e-10)
neck2=Transform3D(0.22243, 0.00773758, 0.974918, -0.0335494, 0.999437, -0.000277802, -0.974371, -0.0326461, 0.222564, 1.75913e-09, 0.141676, -1.1745e-08)
neck3=Transform3D(0.546175, -0.694492, 0.468374, 0.521971, 0.719478, 0.458147, -0.655164, -0.00575051, 0.755465, -1.96398e-08, 0.13355, -8.92726e-11)
jaw_upper=Transform3D(0.198911, -0.584801, 0.78641, -0.456161, 0.65497, 0.602437, -0.867382, -0.478561, -0.136483, 6.11264e-09, 0.107693, -6.22393e-09)
jaw_lower=Transform3D(0.796355, -0.591222, 0.127575, 0.345977, 0.618297, 0.705697, -0.496103, -0.517848, 0.696933, -0.0311001, 0.0894852, -0.0261351)
tongue=Transform3D(0.792426, -0.608337, -0.0445689, 0.510433, 0.621343, 0.594466, -0.333943, -0.49382, 0.802884, -0.0120717, 0.0814647, -0.00205589)
leg_front_shoulder.L=Transform3D(-0.215056, 0.95281, -0.214249, -0.975142, -0.197514, 0.100427, 0.0533708, 0.230521, 0.971602, 1.67501e-09, 0.105489, 9.77955e-10)
leg_front_upper.L=Transform3D(0.835675, 0.469207, -0.285467, 0.230498, 0.172156, 0.957723, 0.498515, -0.866145, 0.0357152, -1.39698e-09, 0.135897, 1.86265e-09)
leg_front_lower.L=Transform3D(-0.456148, 0.888997, -0.0401787, 0.889693, 0.454592, -0.0423456, -0.0193802, -0.0550626, -0.998295, -6.40284e-09, 0.116795, -1.74623e-09)
leg_front_foot.L=Transform3D(0.225441, -0.312776, -0.922685, 0.0426228, 0.949325, -0.311392, 0.973324, 0.0308732, 0.227348, 2.79397e-09, 0.156206, 3.72529e-09)
wing_lower.L=Transform3D(-0.344336, 0.312933, -0.885159, -0.113405, 0.922048, 0.370091, 0.931972, 0.227817, -0.282006, 1.67501e-09, 0.105489, 9.77955e-10)
wing_upper.L=Transform3D(-0.35456, -0.878031, 0.32148, 0.159573, 0.281952, 0.946066, -0.921316, 0.386736, 0.0401412, -3.31784e-09, 0.246909, 4.00905e-09)
leg_front_shoulder.R=Transform3D(0.0764239, -0.903433, -0.421863, 0.991787, 0.0253621, 0.125357, -0.102552, -0.427979, 0.897952, 1.67501e-09, 0.105489, 9.77955e-10)
leg_front_upper.R=Transform3D(0.775764, -0.623338, 0.0981838, 0.0125477, 0.170802, 0.985225, -0.630898, -0.763071, 0.140323, -6.51926e-09, 0.135897, 2.79397e-09)
leg_front_lower.R=Transform3D(-0.864831, -0.49807, 0.0631899, -0.500361, 0.865399, -0.0268943, -0.0412892, -0.0548769, -0.997639, 1.12923e-08, 0.116795, -1.46683e-08)
leg_front_foot.R=Transform3D(0.153863, 0.803028, 0.575737, -0.122022, 0.593657, -0.795413, -0.980529, 0.0521321, 0.189329, -2.32831e-09, 0.156206, 3.0268e-09)
wing_lower.R=Transform3D(0.317321, -0.398293, 0.860622, 0.274695, 0.907222, 0.318576, -0.907662, 0.135318, 0.39729, 1.67501e-09, 0.105489, 9.77955e-10)
wing_upper.R=Transform3D(0.0312425, 0.976922, -0.211298, 0.0771329, 0.208414, 0.974995, 0.996531, -0.0467592, -0.0688415, 3.31784e-09, 0.246909, 3.16504e-09)
back1=Transform3D(0.986045, 0.148376, -0.0754989, -0.0417083, 0.659212, 0.7508, 0.16117, -0.737174, 0.656201, 1.67501e-09, 0.105489, 9.77955e-10)
back2=Transform3D(0.763972, 0.114527, 0.635005, -0.349651, 0.900587, 0.258238, -0.542302, -0.419316, 0.728068, 1.44098e-11, 0.155432, -1.26544e-10)
tail1=Transform3D(0.995235, -0.013997, -0.0965004, 0.0123456, 0.999767, -0.0176886, 0.0967255, 0.0164129, 0.995176, 8.14765e-10, 0.181368, 1.22067e-09)
tail2=Transform3D(0.631075, -0.285474, -0.721282, 0.101303, 0.952188, -0.28823, 0.769079, 0.108827, 0.629821, -6.40523e-09, 0.172281, 6.85311e-09)
tail3=Transform3D(0.573414, -0.104673, -0.812551, -0.287173, 0.903198, -0.319007, 0.767286, 0.416266, 0.487847, -9.35358e-10, 0.155635, -2.57428e-09)
leg_back_hip.L=Transform3D(-0.0353551, 0.891562, 0.451517, -0.828001, 0.226858, -0.512786, -0.559611, -0.391986, 0.730193, 1.44098e-11, 0.155432, -1.26544e-10)
leg_back_upper.L=Transform3D(0.807783, 0.53441, -0.248781, -0.216411, 0.661416, 0.718119, 0.548318, -0.526245, 0.649934, -2.32831e-09, 0.112305, 0)
leg_back_lower.L=Transform3D(0.701917, -0.710128, -0.0550505, 0.711512, 0.695543, 0.0998536, -0.0326189, -0.109258, 0.993478, 9.31323e-10, 0.119514, -5.12227e-09)
leg_back_foot.L=Transform3D(-0.0345657, 0.908996, -0.41537, -0.0515843, -0.416687, -0.907585, -0.998071, -0.0099448, 0.0612929, -1.30385e-08, 0.149302, -7.45058e-09)
leg_back_hip.R=Transform3D(-0.318497, -0.877674, -0.358118, 0.777481, -0.02574, -0.628379, 0.542294, -0.478567, 0.690573, 1.44098e-11, 0.155432, -1.26544e-10)
leg_back_upper.R=Transform3D(0.47529, -0.825465, 0.304479, 0.324012, 0.485963, 0.811699, -0.817995, -0.287138, 0.498433, 6.98492e-09, 0.112305, -7.45058e-09)
leg_back_lower.R=Transform3D(0.469509, 0.882927, -0.00100192, -0.86874, 0.462167, 0.178023, 0.157644, -0.0827128, 0.984026, -1.44355e-08, 0.119514, 1.49012e-08)
leg_back_foot.R=Transform3D(0.348334, -0.766309, 0.539846, 0.186375, -0.507798, -0.841074, 0.918655, 0.393589, -0.0340623, -4.65661e-09, 0.149302, 1.49012e-08)

[Walk_5]

base=Transform3D(0.980339, -4.80563e-07, 0.197319, -0.123079, 0.781617, 0.611495, -0.154228, -0.623759, 0.76625, 1.39698e-09, -0.151062, 0.127385)
neck1=Transform3D(0.967081, -0.188876, 0.170528, 0.220757, 0.289388, -0.931408, 0.126572, 0.938393, 0.321557, 1.67501e-09, 0.105489, 9.77955e-10)
neck2=Transform3D(0.221582, 0.0212137, 0.974911, -0.0919807, 0.995761, -0.000761595, -0.970794, -0.0895043, 0.222594, 1.75913e-09, 0.141676, -1.1745e-08)
neck3=Transform3D(0.539296, -0.70385, 0.462337, 0.529004, 0.710325, 0.46432, -0.655221, -0.00582811, 0.755415, -1.96398e-08, 0.13355, -8.92726e-11)
jaw_upper=Transform3D(0.250418, -0.586352, 0.770378, -0.464235, 0.625556, 0.627029, -0.849574, -0.514656, -0.115555, 6.11264e-09, 0.107693, -6.22393e-09)
jaw_lower=Transform3D(0.797914, -0.598695, 0.0699883, 0.371471, 0.579847, 0.725112, -0.474703, -0.552578, 0.685065, -0.0303961, 0.0883244, -0.0266794)
tongue=Transform3D(0.788334, -0.607016, -0.100301, 0.5314, 0.589629, 0.608236, -0.310069, -0.532794, 0.787393, -0.0120067, 0.0816226, -0.00183265)
leg_front_shoulder.L=Transform3D(-0.323176, 0.884787, -0.335721, -0.946324, -0.304111, 0.109483, -0.00522671, 0.353083, 0.935577, 1.67501e-09, 0.105489, 9.77955e-10)
leg_front_upper.L=Transform3D(0.403314, 0.867273, -0.291848, 0.262842, 0.1957, 0.944783, 0.8765, -0.457754, -0.149027, -1.39698e-09, 0.135897, 1.86265e-09)
leg_front_lower.L=Transform3D(-0.962952, 0.269296, -0.0142394, 0.26965, 0.9622, -0.038217, 0.0034095, -0.0406408, -0.999168, -6.40284e-09, 0.116795, -1.74623e-09)
leg_front_foot.L=Transform3D(0.159341, -0.69761, -0.698535, 0.127818, 0.716197, -0.686093, 0.978914, 0.0200375, 0.203287, 2.79397e-09, 0.156206, 3.72529e-09)
wing_lower.L=Transform3D(-0.132414, 0.43995, -0.888206, -0.16985, 0.872771, 0.457626, 0.976534, 0.211458, -0.0408414, 1.67501e-09, 0.105489, 9.77955e-10)
wing_upper.L=Transform3D(-0.368681, -0.86091, 0.350583, 0.175976, 0.30569, 0.935728, -0.912747, 0.406679, 0.0387975, -3.31784e-09, 0.246909, 4.00905e-09)
leg_front_shoulder.R=Transform3D(0.195333, -0.827, -0.527177, 0.978776, 0.13041, 0.158084, -0.0619868, -0.546867, 0.834921, 1.67501e-09, 0.105489, 9.77955e-10)
leg_front_upper.R=Transform3D(0.857662, -0.513858, -0.019129, 0.151376, 0.216755, 0.964418, -0.491427, -0.830041, 0.263688, -6.51926e-09, 0.135897, 2.79397e-09)
leg_front_lower.R=Transform3D(-0.671108, -0.736728, 0.0827375, -0.740272, 0.671979, -0.0210002, -0.0401264, -0.0753417, -0.99635, 1.12923e-08, 0.116795, -1.46683e-08)
leg_front_foot.R=Transform3D(0.154558, 0.736967, 0.658021, -0.0978537, 0.674168, -0.732067, -0.983126, 0.0487571, 0.176313, -2.32831e-09, 0.156206, 3.0268e-09)
wing_lower.R=Transform3D(0.469693, -0.391391, 0.791329, 0.256047, 0.918221, 0.302175, -0.844884, 0.0606878, 0.531496, 1.67501e-09, 0.105489, 9.77955e-10)
wing_upper.R=Transform3D(-0.0940545, 0.94654, -0.308571, -0.0566022, 0.30436, 0.950874, 0.993957, 0.1069, 0.0249498, 3.31784e-09, 0.246909, 3.16504e-09)
back1=Transform3D(0.986045, 0.148376, -0.0754989, -0.0417083, 0.659212, 0.7508, 0.16117, -0.737174, 0.656201, 1.67501e-09, 0.105489, 9.77955e-10)
back2=Transform3D(0.744467, 0.17311, 0.644827, -0.381815, 0.902675, 0.198482, -0.54771, -0.393968, 0.738108, 1.44098e-11, 0.155432, -1.26544e-10)
tail1=Transform3D(0.995235, -0.013997, -0.0965004, 0.0123456, 0.999767, -0.0176886, 0.0967255, 0.0164129, 0.995176, 8.14765e-10, 0.181368, 1.22067e-09)
tail2=Transform3D(0.601205, -0.336858, -0.724623, 0.176211, 0.94037, -0.290954, 0.779424, 0.0472363, 0.624713, -6.40523e-09, 0.172281, 6.85311e-09)
tail3=Transform3D(0.593572, -0.19362, -0.781142, -0.221551, 0.893809, -0.389898, 0.773684, 0.404495, 0.487643, -9.35358e-10, 0.155635, -2.57428e-09)
leg_back_hip.L=Transform3D(0.0427569, 0.863687, 0.502211, -0.830651, 0.310044, -0.462484, -0.555149, -0.397388, 0.730679, 1.44098e-11, 0.155432, -1.26544e-10)
leg_back_upper.L=Transform3D(0.882543, 0.422019, -0.207408, -0.162755, 0.687957, 0.707267, 0.441168, -0.590437, 0.675837, -2.32831e-09, 0.112305, 0)
leg_back_lower.L=Transform3D(0.703667, -0.708354, -0.055558, 0.709847, 0.69741, 0.0986708, -0.0311472, -0.108869, 0.993568, 9.31323e-10, 0.119514, -5.12227e-09)
leg_back_foot.L=Transform3D(-0.0404102, 0.902029, -0.42978, -0.0279442, -0.430984, -0.901927, -0.998793, -0.0244372, 0.0426226, -1.30385e-08, 0.149302, -7.45058e-09)
leg_back_hip.R=Transform3D(-0.326051, -0.877592, -0.351458, 0.774542, -0.0348368, -0.631562, 0.54201, -0.478141, 0.691091, 1.44098e-11, 0.155432, -1.26544e-10)
leg_back_upper.R=Transform3D(0.468969, -0.832372, 0.295338, 0.319732, 0.471708, 0.821743, -0.82331, -0.290943, 0.487352, 6.98492e-09, 0.112305, -7.45058e-09)
leg_back_lower.R=Transform3D(0.676767, 0.734616, 0.0482322, -0.734258, 0.668782, 0.116599, 0.0533983, -0.114325, 0.992007, -1.44355e-08, 0.119514, 1.49012e-08)
leg_back_foot.R=Transform3D(0.512102, -0.780094, 0.359451, 0.164124, -0.321906, -0.932437, 0.843098, 0.536498, -0.0368167, -4.65661e-09, 0.149302, 1.49012e-08)

[Walk_offset]

fp_offset=Vector2(0.508065, 1)
td_offset=Vector2(0.495968, 0.525289)

[Drag_offset]

fp_offset=Vector2(0.5, 1)
td_offset=Vector2(0.5, 0.8)

[Attack_0]

base=Transform3D(0.980339, -4.80563e-07, 0.197319, -0.123079, 0.781617, 0.611495, -0.154228, -0.623759, 0.76625, 2.20316e-09, -0.144349, 0.101837)
neck1=Transform3D(0.968839, -0.191593, 0.156983, 0.222484, 0.394573, -0.891523, 0.108868, 0.898668, 0.424904, 1.67501e-09, 0.105489, 9.77955e-10)
neck2=Transform3D(0.212545, 0.225337, 0.950814, -0.473441, 0.874955, -0.101526, -0.854797, -0.428576, 0.292651, 1.75913e-09, 0.141676, -1.1745e-08)
neck3=Transform3D(0.421416, -0.823509, 0.379792, 0.647913, 0.566431, 0.509279, -0.634521, 0.0314538, 0.772265, -1.96398e-08, 0.13355, -8.92726e-11)
jaw_upper=Transform3D(0.248643, -0.536616, 0.806362, -0.408572, 0.696711, 0.58963, -0.878206, -0.476064, -0.046014, 6.11264e-09, 0.107693, -6.22393e-09)
jaw_lower=Transform3D(0.805186, -0.58441, 0.100698, 0.347602, 0.602685, 0.718292, -0.480466, -0.543356, 0.688416, -0.0294671, 0.0893853, -0.0269114)
tongue=Transform3D(0.804553, -0.582813, -0.114118, 0.526059, 0.610218, 0.592365, -0.275601, -0.536622, 0.797547, -0.00445485, 0.0827124, -0.00445708)
leg_front_shoulder.L=Transform3D(-0.104909, 0.982632, -0.153061, -0.993554, -0.0969162, 0.058798, 0.0429427, 0.158243, 0.986466, 1.67501e-09, 0.105489, 9.77955e-10)
leg_front_upper.L=Transform3D(0.857154, 0.505195, -0.100324, 0.0463638, 0.118311, 0.991894, 0.512969, -0.854857, 0.0779879, -1.39698e-09, 0.135897, 1.86265e-09)
leg_front_lower.L=Transform3D(-0.874472, 0.476263, 0.0920423, 0.477088, 0.87874, -0.0142458, -0.087666, 0.0314547, -0.995653, -6.40284e-09, 0.116795, -1.74623e-09)
leg_front_foot.L=Transform3D(0.00656569, -0.962108, -0.272588, 0.188882, 0.26888, -0.944472, 0.981978, -0.0452859, 0.18349, 2.79397e-09, 0.156206, 3.72529e-09)
wing_lower.L=Transform3D(0.112405, 0.624868, -0.772596, -0.46718, 0.719462, 0.513923, 0.876988, 0.303174, 0.372797, 1.67501e-09, 0.105489, 9.77955e-10)
wing_upper.L=Transform3D(0.336804, -0.883578, -0.325351, -0.0206501, -0.352388, 0.935626, -0.941348, -0.308404, -0.136932, -3.31784e-09, 0.246909, 4.00905e-09)
leg_front_shoulder.R=Transform3D(0.00454027, -0.94614, -0.323726, 0.993295, -0.0331309, 0.110761, -0.115521, -0.322058, 0.939646, 1.67501e-09, 0.105489, 9.77955e-10)
leg_front_upper.R=Transform3D(0.843344, -0.533418, 0.0650795, 0.0161417, 0.146198, 0.989124, -0.537131, -0.833121, 0.131906, -6.51926e-09, 0.135897, 2.79397e-09)
leg_front_lower.R=Transform3D(-0.896632, -0.429739, -0.10665, -0.419101, 0.901411, -0.108686, 0.142842, -0.0527543, -0.988338, 1.12923e-08, 0.116795, -1.46683e-08)
leg_front_foot.R=Transform3D(0.082866, 0.93128, 0.354754, -0.208652, 0.364302, -0.907606, -0.974473, 0.00118947, 0.224502, -2.32831e-09, 0.156206, 3.0268e-09)
wing_lower.R=Transform3D(0.423047, -0.770642, 0.476594, 0.589417, 0.633535, 0.501219, -0.6882, 0.0688731, 0.722245, 1.67501e-09, 0.105489, 9.77955e-10)
wing_upper.R=Transform3D(0.357355, 0.860095, 0.364052, 0.0034928, -0.391018, 0.920376, 0.933962, -0.327629, -0.142736, 3.31784e-09, 0.246909, 3.16504e-09)
back1=Transform3D(0.986052, 0.148271, -0.0756167, -0.0416791, 0.659811, 0.750275, 0.161137, -0.736658, 0.656787, 1.67501e-09, 0.105489, 9.77955e-10)
back2=Transform3D(0.789427, 0.0312971, 0.613046, -0.366144, 0.825594, 0.42934, -0.49269, -0.563396, 0.663206, 1.44098e-11, 0.155432, -1.26544e-10)
tail1=Transform3D(0.990368, 0.136038, -0.025798, -0.13633, 0.990614, -0.00990699, 0.0242081, 0.0133286, 0.999618, 8.14765e-10, 0.181368, 1.22067e-09)
tail2=Transform3D(0.701357, -0.301042, -0.646121, -0.103851, 0.853615, -0.510447, 0.705205, 0.425106, 0.567425, -6.40523e-09, 0.172281, 6.85311e-09)
tail3=Transform3D(0.581935, 0.0655577, -0.810588, -0.573753, 0.739481, -0.3521, 0.576332, 0.669977, 0.467944, -9.35358e-10, 0.155635, -2.57428e-09)
leg_back_hip.L=Transform3D(0.0166333, 0.892529, 0.450683, -0.830084, 0.263602, -0.491399, -0.557389, -0.365932, 0.745259, 1.44098e-11, 0.155432, -1.26544e-10)
leg_back_upper.L=Transform3D(0.698583, 0.664686, -0.264903, -0.301834, 0.609416, 0.733149, 0.64875, -0.432209, 0.626353, -2.32831e-09, 0.112305, 0)
leg_back_lower.L=Transform3D(0.854713, -0.510027, -0.0966359, 0.518812, 0.845513, 0.126261, 0.0173103, -0.158053, 0.987279, 9.31323e-10, 0.119514, -5.12227e-09)
leg_back_foot.L=Transform3D(0.0228322, 0.9538, -0.299574, -0.0958471, -0.296183, -0.95031, -0.995134, 0.050411, 0.0846563, -1.30385e-08, 0.149302, -7.45058e-09)
leg_back_hip.R=Transform3D(-0.0321374, -0.856199, -0.515646, 0.830092, 0.264492, -0.490908, 0.556699, -0.44381, 0.702224, 1.44098e-11, 0.155432, -1.26544e-10)
leg_back_upper.R=Transform3D(0.876426, -0.456214, 0.154099, 0.2021, 0.638958, 0.742219, -0.437073, -0.619357, 0.6522, 6.98492e-09, 0.112305, -7.45058e-09)
leg_back_lower.R=Transform3D(0.889377, 0.443282, 0.111849, -0.455568, 0.879815, 0.135589, -0.0383023, -0.171545, 0.984431, -1.44355e-08, 0.119514, 1.49012e-08)
