[Stand_0]

Root=Transform3D(1, 0, 0, 0, 1, 0, 0, 0, 1, 0, 0, 0)
Hips=Transform3D(0.99868, -0.0346288, -0.0379303, 0.0122836, 0.878125, -0.478273, 0.0498696, 0.477176, 0.877392, -1.10257e-07, 9.24454, -5.18533)
Spine1=Transform3D(-0.999931, -0.00988399, 0.00641549, -0.00979454, 0.999856, 0.0138283, -0.00655125, 0.0137645, -0.999884, -5.68434e-14, 2.76832, 2.38419e-07)
Spine2=Transform3D(0.999942, 0.0104162, 0.00267061, -0.00875553, 0.644495, 0.764558, 0.0062426, -0.764538, 0.644549, -2.05086e-14, 4.02842, 1.04308e-07)
Spine3=Transform3D(0.989836, -0.139005, -0.0300222, 0.129092, 0.789718, 0.599734, -0.0596569, -0.597514, 0.799636, 8.47033e-14, 4.63454, 7.15256e-07)
Neck=Transform3D(0.991834, 0.127415, -0.00561723, -0.0782673, 0.642849, 0.761984, 0.100699, -0.755322, 0.647572, -5.5507e-14, 4.46661, 2.08616e-07)
Head=Transform3D(0.996714, 0.065419, 0.0477697, 0.0625128, -0.246169, -0.967209, -0.0515144, 0.967017, -0.249449, 3.25061e-13, 3.05792, 1.43051e-06)
Mouth=Transform3D(1, -6.16787e-07, 4.05782e-08, -1.33597e-07, -0.151572, 0.988446, -6.0351e-07, -0.988446, -0.151572, -2.61375e-07, 0.281519, -0.459342)
IK-Mouth=Transform3D(1, -5.36282e-07, 3.2646e-07, 2.27374e-13, 0.519979, 0.854179, -6.27833e-07, -0.854179, 0.519979, -2.1638e-06, -0.186917, -3.51414)
Shoulder_L=Transform3D(-0.450283, -0.860094, -0.239756, 0.857266, -0.491529, 0.153275, -0.249678, -0.136517, 0.958658, -5.5507e-14, 4.46661, 2.08616e-07)
Arm_L=Transform3D(-0.709831, 0.317522, -0.628745, 0.704357, 0.313988, -0.636626, -0.00472439, -0.894757, -0.446527, 3.72529e-09, 7.85862, -1.40071e-06)
Forearm_L=Transform3D(-0.276144, -0.798063, -0.535575, 0.232771, 0.48512, -0.842898, 0.932503, -0.357427, 0.051803, -3.27826e-07, 7.58511, 4.54485e-07)
Hand_L=Transform3D(-0.7869, 0.543763, 0.291737, 0.295588, 0.74715, -0.59531, -0.541679, -0.382216, -0.748662, -2.38419e-07, 5.41737, -8.86619e-07)
Toe1_L=Transform3D(0.211677, -0.729866, -0.649991, -0.149567, 0.633036, -0.759536, 0.965827, 0.257994, 0.0248352, -0.915116, 0.522819, 0.559067)
Toe2_L=Transform3D(0.948816, 0.280708, 0.144747, -0.310959, 0.910477, 0.272647, -0.0552541, -0.303702, 0.951164, -1.52737e-07, 1.54134, 2.23517e-07)
Toe3_L=Transform3D(0.601649, 0.798745, 0.00497465, -0.788291, 0.592746, 0.165072, 0.128902, -0.103237, 0.986269, -1.19209e-07, 1.9633, 1.19209e-07)
Finger11_L=Transform3D(-0.0321177, 0.0217639, -0.999247, -0.908729, 0.41563, 0.0382608, 0.41615, 0.909273, 0.00642836, -0.552846, 3.60575, 0.0739504)
Finger12_L=Transform3D(-0.00351882, 0.686749, 0.726886, -0.0292825, 0.726508, -0.686534, -0.999565, -0.0237008, 0.0175532, -6.98492e-09, 1.70904, 6.54163e-08)
Finger13_L=Transform3D(0.999918, -0.0110989, -0.00642263, 0.00990719, 0.986643, -0.162595, 0.00814147, 0.162518, 0.986672, 1.53903e-07, 1.12632, -7.58394e-09)
Finger21_L=Transform3D(-0.474171, 0.0697482, -0.877665, -0.849591, 0.225286, 0.476907, 0.230989, 0.971793, -0.0475666, 0.958422, 3.42917, -0.0249742)
Finger22_L=Transform3D(0.0206681, 0.44641, 0.89459, 0.0518298, 0.893099, -0.446864, -0.998442, 0.0556023, -0.00467861, 1.11759e-08, 1.62451, 1.77399e-06)
Finger23_L=Transform3D(0.999819, 0.0189786, 0.00091035, -0.0188614, 0.997149, -0.0730573, -0.00229428, 0.0730269, 0.997327, -1.27077e-06, 1.28745, -8.84756e-09)
Shoulder_R=Transform3D(-0.450283, 0.860094, 0.239759, -0.857266, -0.49153, 0.153275, 0.249679, -0.13652, 0.958657, -5.5507e-14, 4.46661, 2.08616e-07)
Arm_R=Transform3D(-0.510115, -0.700414, 0.499203, -0.816968, 0.213069, -0.535877, 0.268971, -0.681192, -0.680905, 1.15484e-07, 7.85862, -1.3262e-06)
Forearm_R=Transform3D(-0.276144, 0.851263, 0.446201, -0.232771, 0.391197, -0.890383, -0.932503, -0.349737, 0.0901227, -1.01328e-06, 7.5851, -8.9407e-08)
Hand_R=Transform3D(-0.712183, -0.61432, -0.339715, 0.119726, 0.370545, -0.921065, 0.691709, -0.69664, -0.190346, 8.9407e-08, 5.41737, -9.31323e-07)
Toe1_R=Transform3D(0.211678, 0.729866, 0.649991, 0.149566, 0.633036, -0.759536, -0.965827, 0.257994, 0.0248367, 0.915116, 0.52282, 0.559067)
Toe2_R=Transform3D(0.948816, -0.280708, -0.144746, 0.310959, 0.910477, 0.272647, 0.0552539, -0.303702, 0.951164, 2.79397e-07, 1.54134, -3.72529e-07)
Toe3_R=Transform3D(0.601649, -0.798746, -0.00497452, 0.788291, 0.592747, 0.165072, -0.128902, -0.103237, 0.986269, -1.19209e-07, 1.9633, 8.04663e-07)
Finger11_R=Transform3D(0.0172651, -0.0287607, 0.999437, 0.800718, 0.599031, 0.00340596, -0.598792, 0.800209, 0.0333715, 0.552846, 3.60576, 0.0739505)
Finger12_R=Transform3D(-0.0238116, -0.59644, -0.802304, 0.033832, 0.801591, -0.596915, 0.999144, -0.041357, 0.00109154, 4.19095e-09, 1.70904, 1.71223e-06)
Finger13_R=Transform3D(1, 3.71921e-08, -7.53251e-08, -4.38668e-08, 0.995883, -0.0906439, 7.16438e-08, 0.0906439, 0.995883, -1.36062e-06, 1.12632, -2.23031e-09)
Finger21_R=Transform3D(-0.431704, -0.0863576, 0.897872, 0.797742, 0.428033, 0.424729, -0.420997, 0.899628, -0.115892, -0.958422, 3.42917, -0.024974)
Finger22_R=Transform3D(-0.033754, -0.244949, -0.968948, -0.141801, 0.960867, -0.237966, 0.989319, 0.129366, -0.067167, -1.67638e-08, 1.62451, -8.2812e-07)
Finger23_R=Transform3D(0.980127, -0.0936465, 0.174875, 0.162753, 0.883622, -0.439003, -0.113412, 0.45874, 0.881303, 3.0268e-08, 1.28745, 3.25963e-09)
Tree-Root=Transform3D(-1, 1.7836e-06, -3.61798e-07, -5.11591e-12, 0.198796, 0.980041, 1.81992e-06, 0.980041, -0.198796, 1.55238e-05, 1.85886, 8.53384)
Tree=Transform3D(0.986944, -0.160871, 0.00783872, 0.160076, 0.985117, 0.0626137, -0.0177948, -0.0605415, 0.998007, -3.38271e-17, 0.504303, 1.1299e-07)
IK-Target-Tree=Transform3D(1, 3.40928e-20, -5.20117e-12, -3.40928e-20, 1, 8.86612e-32, 5.20117e-12, 8.86613e-32, 1, -0.77221, 5.22841, -0.289868)
Thigh_L=Transform3D(-0.96866, 0.208215, 0.13544, 0.0612447, -0.328228, 0.942612, 0.240721, 0.921365, 0.305189, 1.96984, 1.40073, 0.0430825)
Leg_L=Transform3D(-0.983197, 0.142856, -0.113651, 0.164541, 0.423873, -0.89065, -0.0790616, -0.894385, -0.440256, -1.3411e-07, 6.55046, -9.68575e-08)
Thigh_R=Transform3D(-0.900576, -0.369394, -0.229154, 0.0908534, -0.67546, 0.731779, -0.425099, 0.638203, 0.641864, -1.96984, 1.40073, 0.0430815)
Leg_R=Transform3D(-0.967807, -0.156712, 0.196953, -0.1805, -0.113209, -0.977038, 0.175411, -0.981134, 0.0812781, -1.15484e-07, 6.55046, 2.57045e-07)
IK-Target-Elbow_R=Transform3D(1, 0, 0, 0, 0, 1, 0, -1, 0, -3.68205, 13.1222, -12.0834)
IK-Hand_L=Transform3D(0.973458, -0.143272, -0.178476, -0.144455, -0.98949, 0.0064177, -0.177519, 0.0195343, -0.983927, 9.38899, 4.42593, 1.71758)
IK-Hand_R=Transform3D(0.973458, 0.143272, 0.178475, 0.133154, -0.988794, 0.067498, 0.186145, -0.0419416, -0.98163, -9.38474, 4.92989, 8.0832)
IK-Target-Elbow_L=Transform3D(1, 0, 0, 0, 0, 1, 0, -1, 0, -0.761843, 13.1222, -12.0831)
IK-Target-Node_L=Transform3D(-1, 0, 8.74228e-08, 8.74228e-08, 0, 1, 0, 1, 0, 3.69884, 6.38477, 7.24168)
IK-Target-Node_R=Transform3D(-1, 0, 8.74228e-08, 8.74228e-08, 0, 1, 0, 1, 0, -7.52049, 6.38477, 7.24168)
IK-Head=Transform3D(-0.999956, 0.00444514, -0.00821895, -0.00504814, 0.483182, 0.875505, 0.007863, 0.875508, -0.483138, -0.39892, 11.1651, 7.41072)
IK-Spine=Transform3D(-0.99605, 0.0863041, -0.0208566, -0.0566279, -0.436565, 0.897889, 0.0683862, 0.895524, 0.439728, -0.615266, 16.0492, 2.64462)
IK-Foot_L=Transform3D(0.99887, 0.0112234, -0.0461844, -0.0112235, -0.888538, -0.458666, -0.0461844, 0.458666, -0.887408, 2.51538, 1.78716, -1.48023)
Foot_L=Transform3D(-1, -1.13687e-13, 1.10467e-06, -6.69444e-07, 0.795454, -0.606013, -8.78715e-07, -0.606012, -0.795455, 1.42605e-08, 0, 1.85166e-08)
Footfinger21_L=Transform3D(1, 1.17799e-07, 2.98095e-07, -8.98545e-08, 0.995753, -0.0920654, -3.07674e-07, 0.0920654, 0.995753, 2.63501e-07, 1.10934, -2.05454e-07)
Footfinger22_L=Transform3D(1, 5.14594e-07, -4.32603e-07, -6.70973e-07, 0.803993, -0.594638, 4.18124e-08, 0.594638, 0.803993, 2.98609e-07, 1.32118, 3.38673e-09)
Footfinger23_L=Transform3D(1, 3.14725e-07, -1.0093e-06, -5.89236e-07, 0.958556, -0.284904, 8.77805e-07, 0.284904, 0.958556, 1.49013e-07, 1.19286, -4.51016e-08)
Footfinger31_L=Transform3D(0.991472, -0.129933, -0.0100741, 0.126869, 0.979984, -0.153416, 0.0298064, 0.15083, 0.98811, -0.833625, 1.08089, -0.314552)
Footfinger32_L=Transform3D(0.997654, -0.0175453, -0.0661724, -0.0100675, 0.918489, -0.395317, 0.0677146, 0.395056, 0.916158, 2.75671e-07, 0.931746, -5.21541e-08)
Footfinger33_L=Transform3D(0.99869, 0.0316536, -0.0402143, -0.0455562, 0.907887, -0.416732, 0.0233189, 0.418018, 0.90814, 3.01749e-07, 1.12711, 4.47035e-08)
FootFinger11_L=Transform3D(0.99093, 0.133909, 0.0112151, -0.132382, 0.987136, -0.089647, -0.0230754, 0.0873492, 0.99591, 0.86545, 0.929172, -0.0741378)
FootFinger12_L=Transform3D(0.996154, -0.05142, 0.0709418, 0.0835405, 0.801516, -0.592109, -0.0264148, 0.595758, 0.802729, 3.72529e-08, 1.46275, -5.58794e-09)
Footfinger13_L=Transform3D(0.995301, -0.0951412, 0.0179802, 0.0963118, 0.953707, -0.284899, 0.00995779, 0.285292, 0.958389, -3.49246e-08, 1.19286, 7.9026e-08)
Footfinger41_L=Transform3D(-0.999769, 0.0214699, 7.70203e-07, -0.0155934, -0.7261, -0.687412, -0.0147581, -0.687254, 0.726267, -0.101745, -1.20427, -0.918826)
FootFinger42_L=Transform3D(0.99972, -0.000574778, 0.0236362, -0.00255625, 0.991216, 0.132224, -0.0235046, -0.132247, 0.990938, -3.63216e-08, 0.833771, -2.34171e-07)
IK-Foot_R=Transform3D(0.965081, -0.00604476, 0.261882, -0.0975712, -0.936089, 0.33796, 0.243102, -0.351711, -0.903992, -2.51538, 3.38617, -6.74179)
Foot_R=Transform3D(-1, -1.87583e-12, -1.34309e-06, 8.13929e-07, 0.795454, -0.606013, 1.06837e-06, -0.606012, -0.795455, 1.42605e-08, 0, -1.85166e-08)
Footfinger21_R=Transform3D(1, -1.17799e-07, -4.06764e-07, 7.98497e-08, 0.995753, -0.0920654, 4.15882e-07, 0.0920654, 0.995753, -1.59117e-08, 1.10934, -2.53607e-07)
Footfinger22_R=Transform3D(0.999854, -0.0015996, 0.0169863, 0.0122487, 0.760362, -0.649384, -0.011877, 0.649497, 0.760271, 3.22097e-08, 1.32118, 3.38673e-09)
Footfinger23_R=Transform3D(0.999812, 0.00385176, 0.0190183, 0.00326004, 0.932827, -0.360309, -0.0191286, 0.360303, 0.932639, -1.69671e-07, 1.19286, 1.4503e-08)
Footfinger31_R=Transform3D(0.991472, 0.129933, 0.010074, -0.126869, 0.979984, -0.153416, -0.0298063, 0.15083, 0.98811, 0.833625, 1.08089, -0.314552)
Footfinger32_R=Transform3D(0.995719, 0.0162778, 0.0909936, 0.0270697, 0.889872, -0.455406, -0.0883857, 0.455919, 0.885622, 7.45058e-09, 0.931746, 0)
Footfinger33_R=Transform3D(0.99869, -0.0316537, 0.0402142, 0.0455562, 0.907887, -0.416732, -0.0233188, 0.418018, 0.90814, -1.546e-07, 1.12711, 5.96046e-08)
Footfinger11_R=Transform3D(0.99093, -0.133909, -0.0112152, 0.132382, 0.987136, -0.0896471, 0.0230755, 0.0873493, 0.99591, -0.86545, 0.929172, -0.0741379)
Footfinger12_R=Transform3D(0.997088, 0.0445069, -0.0619174, -0.0740871, 0.757616, -0.648482, 0.0180477, 0.651181, 0.758708, -1.11759e-07, 1.46275, -1.04308e-07)
Footfinger13_R=Transform3D(0.995242, 0.0973644, -0.00375569, -0.0921372, 0.927872, -0.361337, -0.0316966, 0.359964, 0.932427, -1.44355e-08, 1.19286, 9.85565e-08)
Footfinger41_R=Transform3D(-0.999769, -0.0214698, -9.84408e-07, 0.0155935, -0.7261, -0.687412, 0.0147579, -0.687254, 0.726267, 0.101745, -1.20427, -0.918826)
Footfinger42_R=Transform3D(0.99972, 0.000574781, -0.0236363, 0.00255626, 0.991216, 0.132224, 0.0235047, -0.132247, 0.990938, -1.08965e-07, 0.833771, -2.34799e-07)

[Stand_offset]

fp_offset=Vector2(0.504032, 1)
td_offset=Vector2(0.524194, 0.680385)

[Walk_0]

Root=Transform3D(1, 0, 0, 0, 1, 0, 0, 0, 1, 0, 0, 0)
Hips=Transform3D(0.997148, -0.0508865, -0.0557381, 0.0180506, 0.877878, -0.478543, 0.0732827, 0.476172, 0.876293, 0, 9.24454, -5.18533)
Spine1=Transform3D(-0.99985, -0.0146353, 0.00926526, -0.0144328, 0.999663, 0.0215547, -0.0095776, 0.0214177, -0.999725, -5.68434e-14, 2.76832, 2.38419e-07)
Spine2=Transform3D(0.99988, 0.0150628, 0.00372007, -0.0126647, 0.653852, 0.756516, 0.00896292, -0.756472, 0.653964, -2.05086e-14, 4.02842, 1.04308e-07)
Spine3=Transform3D(0.995544, -0.0932408, -0.0140666, 0.0830444, 0.796277, 0.599204, -0.0446694, -0.597702, 0.800472, 8.47033e-14, 4.63454, 7.15256e-07)
Neck=Transform3D(0.998521, 0.0543226, -0.00206539, -0.0331007, 0.637695, 0.769577, 0.0431225, -0.768371, 0.63855, -5.5507e-14, 4.46661, 2.08616e-07)
Head=Transform3D(0.999356, -0.0311521, 0.0178343, 0.00768396, -0.299664, -0.954015, 0.0350638, 0.953536, -0.299232, 3.25061e-13, 3.05792, 1.43051e-06)
Mouth=Transform3D(1, -6.08174e-07, 3.99099e-08, -1.31631e-07, -0.151572, 0.988446, -5.95098e-07, -0.988446, -0.151572, -2.61375e-07, 0.281519, -0.459342)
IK-Mouth=Transform3D(1, -5.3628e-07, 3.2646e-07, -5.68434e-14, 0.51998, 0.854178, -6.27832e-07, -0.854178, 0.51998, -2.1638e-06, -0.186917, -3.51414)
Shoulder_L=Transform3D(-0.450282, -0.860095, -0.239755, 0.857267, -0.491528, 0.153276, -0.249678, -0.136517, 0.958657, -5.5507e-14, 4.46661, 2.08616e-07)
Arm_L=Transform3D(-0.740839, 0.374309, -0.55772, 0.661409, 0.261855, -0.70283, -0.117034, -0.889564, -0.441564, 3.72529e-09, 7.85862, -1.40071e-06)
Forearm_L=Transform3D(-0.276145, -0.794041, -0.541519, 0.232771, 0.4914, -0.839252, 0.932503, -0.357805, 0.0491321, -3.27826e-07, 7.58511, 4.54485e-07)
Hand_L=Transform3D(-0.78246, 0.581671, 0.222293, 0.277682, 0.645457, -0.711532, -0.557358, -0.495019, -0.666564, -2.38419e-07, 5.41737, -8.86619e-07)
Toe1_L=Transform3D(0.211677, -0.729866, -0.649991, -0.149566, 0.633037, -0.759536, 0.965828, 0.257993, 0.0248363, -0.915116, 0.522819, 0.559067)
Toe2_L=Transform3D(0.948816, 0.280708, 0.144747, -0.310959, 0.910477, 0.272647, -0.0552541, -0.303702, 0.951164, -1.52737e-07, 1.54134, 2.23517e-07)
Toe3_L=Transform3D(0.601649, 0.798746, 0.00497452, -0.788291, 0.592747, 0.165072, 0.128902, -0.103237, 0.986269, -1.19209e-07, 1.9633, 1.19209e-07)
Finger11_L=Transform3D(-0.032362, 0.021702, -0.999241, -0.909167, 0.414653, 0.0384504, 0.415173, 0.909721, 0.00631172, -0.552846, 3.60575, 0.0739504)
Finger12_L=Transform3D(0.00131971, 0.706595, 0.707617, -0.02856, 0.707356, -0.70628, -0.999591, -0.0192775, 0.0211139, -6.98492e-09, 1.70904, 6.54163e-08)
Finger13_L=Transform3D(1, -4.47194e-08, -2.28897e-07, 2.37872e-08, 0.995883, -0.0906439, 2.32008e-07, 0.0906439, 0.995883, 1.53903e-07, 1.12632, -7.58394e-09)
Finger21_L=Transform3D(-0.474374, 0.0696391, -0.877564, -0.849745, 0.224233, 0.47713, 0.230006, 0.972044, -0.0471948, 0.958422, 3.42917, -0.0249742)
Finger22_L=Transform3D(0.00200862, 0.37027, 0.928922, 0.0880085, 0.925254, -0.368998, -0.996118, 0.0824942, -0.0307285, 1.11759e-08, 1.62451, 1.77399e-06)
Finger23_L=Transform3D(0.999819, 0.0189786, 0.00091038, -0.0188614, 0.997149, -0.0730573, -0.00229431, 0.0730269, 0.997327, -1.27077e-06, 1.28745, -8.84756e-09)
Shoulder_R=Transform3D(-0.450282, 0.860094, 0.239758, -0.857267, -0.491528, 0.153275, 0.249679, -0.13652, 0.958657, -5.5507e-14, 4.46661, 2.08616e-07)
Arm_R=Transform3D(-0.356693, -0.811533, 0.4628, -0.884515, 0.133928, -0.446874, 0.300671, -0.568751, -0.765584, 1.15484e-07, 7.85862, -1.3262e-06)
Forearm_R=Transform3D(-0.276144, 0.870435, 0.407538, -0.232771, 0.350834, -0.907045, -0.932503, -0.345339, 0.105731, -1.01328e-06, 7.5851, -8.9407e-08)
Hand_R=Transform3D(-0.688325, -0.621982, -0.373293, 0.194342, 0.337672, -0.920982, 0.698885, -0.706481, -0.111551, 8.9407e-08, 5.41737, -9.31323e-07)
Toe1_R=Transform3D(0.211677, 0.729866, 0.649991, 0.149566, 0.633037, -0.759536, -0.965827, 0.257993, 0.0248361, 0.915116, 0.52282, 0.559067)
Toe2_R=Transform3D(0.948816, -0.280708, -0.144746, 0.310959, 0.910477, 0.272647, 0.0552539, -0.303702, 0.951164, 2.79397e-07, 1.54134, -3.72529e-07)
Toe3_R=Transform3D(0.601649, -0.798746, -0.00497452, 0.788291, 0.592747, 0.165072, -0.128902, -0.103237, 0.986269, -1.19209e-07, 1.9633, 8.04663e-07)
Finger11_R=Transform3D(0.00744057, -0.0282212, 0.999574, 0.82517, 0.564799, 0.00980371, -0.564836, 0.824745, 0.0274897, 0.552846, 3.60576, 0.0739505)
Finger12_R=Transform3D(-0.0284927, -0.573922, -0.818414, 0.0352435, 0.817661, -0.57462, 0.998973, -0.0452162, -0.00307035, 4.19095e-09, 1.70904, 1.71223e-06)
Finger13_R=Transform3D(0.999642, 0.023683, 0.0124826, -0.0199961, 0.970551, -0.240064, -0.0178004, 0.239728, 0.970677, -1.36062e-06, 1.12632, -2.23031e-09)
Finger21_R=Transform3D(-0.44036, -0.0838969, 0.893892, 0.811259, 0.389348, 0.436195, -0.384631, 0.917261, -0.103391, -0.958422, 3.42917, -0.024974)
Finger22_R=Transform3D(0.0175457, -0.432933, -0.901255, -0.058439, 0.899409, -0.433184, 0.998137, 0.060269, -0.00951946, -1.67638e-08, 1.62451, -8.2812e-07)
Finger23_R=Transform3D(0.987023, -0.08427, 0.136689, 0.129737, 0.9201, -0.369572, -0.0946239, 0.38251, 0.919093, 3.0268e-08, 1.28745, 3.25963e-09)
Tree-Root=Transform3D(-1, 1.7836e-06, -3.61796e-07, -3.58114e-12, 0.198796, 0.980041, 1.81992e-06, 0.980041, -0.198796, 1.55238e-05, 1.85886, 8.53384)
Tree=Transform3D(0.999997, -0.00249121, 2.10237e-06, 0.00245989, 0.987557, 0.157243, -0.000393803, -0.157243, 0.98756, -3.38271e-17, 0.504303, 1.1299e-07)
IK-Target-Tree=Transform3D(1, 3.40928e-20, -5.20118e-12, -3.40928e-20, 1, 8.86614e-32, 5.20118e-12, 8.86614e-32, 1, -0.0111913, 4.88144, -0.696856)
Thigh_L=Transform3D(-0.977341, 0.20472, 0.0538066, 0.00186507, -0.245858, 0.969305, 0.211665, 0.947441, 0.239905, 1.96984, 1.40073, 0.0430825)
Leg_L=Transform3D(-0.977519, 0.153655, -0.144382, 0.176979, 0.225736, -0.957978, -0.114606, -0.961995, -0.247855, -1.3411e-07, 6.55046, -9.68575e-08)
Thigh_R=Transform3D(-0.887903, -0.381712, -0.256758, 0.0535989, -0.640169, 0.766363, -0.456898, 0.666693, 0.588868, -1.96984, 1.40073, 0.0430815)
Leg_R=Transform3D(-0.96925, -0.157415, 0.189143, -0.181309, -0.0628555, -0.981415, 0.166378, -0.98553, 0.032382, -1.15484e-07, 6.55046, 2.57045e-07)
IK-Target-Elbow_R=Transform3D(1, 0, 0, 0, 0, 1, 0, -1, 0, -4.72768, 13.1222, -12.0834)
IK-Hand_L=Transform3D(0.973458, -0.143272, -0.178475, -0.133154, -0.988794, 0.0674979, -0.186145, -0.0419416, -0.981629, 9.38474, 4.51181, 3.34746)
IK-Hand_R=Transform3D(0.973459, 0.143272, 0.17847, 0.158096, -0.984814, -0.0717417, 0.165481, 0.0980527, -0.98133, -9.37626, 5.97182, 9.05916)
IK-Target-Elbow_L=Transform3D(1, 0, 0, 0, 0, 1, 0, -1, 0, -1.80746, 13.1222, -12.0831)
IK-Target-Node_L=Transform3D(-1, 0, 8.74227e-08, 8.74227e-08, 0, 1, 0, 1, 0, 2.79963, 6.38477, 7.24168)
IK-Target-Node_R=Transform3D(-1, 0, 8.74227e-08, 8.74227e-08, 0, 1, 0, 1, 0, -8.4197, 6.38477, 7.24168)
IK-Head=Transform3D(-0.999906, 0.00712025, -0.011696, -0.0062588, 0.522053, 0.85289, 0.0121787, 0.852883, -0.52196, -0.833483, 11.1651, 7.41072)
IK-Spine=Transform3D(-0.998088, 0.0149731, -0.059965, -0.0605434, -0.431973, 0.899851, -0.0124297, 0.901761, 0.432054, -0.904797, 16.0492, 2.64462)
IK-Foot_L=Transform3D(1, -4.9738e-14, -8.74228e-08, -4.24629e-08, -0.874115, -0.485718, -7.64176e-08, 0.485718, -0.874115, 2.51538, 2.41837, -1.54667)
Foot_L=Transform3D(-1, 8.52651e-13, 1.10467e-06, -6.69444e-07, 0.795454, -0.606013, -8.78715e-07, -0.606013, -0.795455, 1.42605e-08, 0, 1.85166e-08)
Footfinger21_L=Transform3D(1, 1.17799e-07, 2.98094e-07, -8.98545e-08, 0.995753, -0.0920652, -3.07673e-07, 0.0920652, 0.995753, 2.63501e-07, 1.10934, -2.05454e-07)
Footfinger22_L=Transform3D(1, 5.15106e-07, -4.33814e-07, -6.72104e-07, 0.803993, -0.594639, 4.24812e-08, 0.594639, 0.803993, 2.98609e-07, 1.32118, 3.38673e-09)
Footfinger23_L=Transform3D(1, 3.14726e-07, -1.0093e-06, -5.89237e-07, 0.958556, -0.284905, 8.77805e-07, 0.284905, 0.958556, 1.49013e-07, 1.19286, -4.51016e-08)
Footfinger31_L=Transform3D(0.991472, -0.129933, -0.010074, 0.126869, 0.979984, -0.153416, 0.0298063, 0.15083, 0.98811, -0.833625, 1.08089, -0.314552)
Footfinger32_L=Transform3D(0.997654, -0.0175453, -0.0661724, -0.0100675, 0.91849, -0.395317, 0.0677146, 0.395056, 0.916158, 2.75671e-07, 0.931746, -5.21541e-08)
Footfinger33_L=Transform3D(0.99869, 0.0316537, -0.0402141, -0.0455562, 0.907888, -0.416731, 0.0233188, 0.418017, 0.90814, 3.01749e-07, 1.12711, 4.47035e-08)
FootFinger11_L=Transform3D(0.99093, 0.133909, 0.0112151, -0.132382, 0.987136, -0.089647, -0.0230754, 0.0873492, 0.99591, 0.86545, 0.929172, -0.0741378)
FootFinger12_L=Transform3D(0.996154, -0.0514199, 0.0709418, 0.0835404, 0.801516, -0.592109, -0.0264148, 0.595758, 0.802729, 3.72529e-08, 1.46275, -5.58794e-09)
Footfinger13_L=Transform3D(0.995301, -0.0951412, 0.0179802, 0.0963118, 0.953707, -0.284899, 0.0099578, 0.285292, 0.958389, -3.49246e-08, 1.19286, 7.9026e-08)
Footfinger41_L=Transform3D(-0.999769, 0.0214699, 7.70669e-07, -0.0155934, -0.7261, -0.687412, -0.0147581, -0.687254, 0.726267, -0.101745, -1.20427, -0.918826)
FootFinger42_L=Transform3D(0.99972, -0.000574778, 0.0236362, -0.00255625, 0.991216, 0.132224, -0.0235046, -0.132247, 0.990938, -3.63216e-08, 0.833771, -2.34171e-07)
IK-Foot_R=Transform3D(0.956497, 9.87202e-08, 0.291741, -0.0449846, -0.988041, 0.147486, 0.288252, -0.154194, -0.945058, -2.51538, 3.06084, -6.34943)
Foot_R=Transform3D(-1, -3.86535e-12, -1.34309e-06, 8.13928e-07, 0.795454, -0.606013, 1.06837e-06, -0.606013, -0.795455, 1.42605e-08, 0, -1.85166e-08)
Footfinger21_R=Transform3D(1, -1.17799e-07, -4.06763e-07, 7.98497e-08, 0.995753, -0.0920652, 4.15881e-07, 0.0920652, 0.995753, -1.59117e-08, 1.10934, -2.53607e-07)
Footfinger22_R=Transform3D(1, -5.21812e-07, 3.62605e-07, 6.35152e-07, 0.803993, -0.594638, 1.87576e-08, 0.594638, 0.803993, 3.22097e-08, 1.32118, 3.38673e-09)
Footfinger23_R=Transform3D(1, -3.2812e-07, 9.84372e-07, 5.94973e-07, 0.958556, -0.284904, -8.50093e-07, 0.284904, 0.958556, -1.69671e-07, 1.19286, 1.4503e-08)
Footfinger31_R=Transform3D(0.991472, 0.129933, 0.010074, -0.126869, 0.979984, -0.153416, -0.0298063, 0.15083, 0.98811, 0.833625, 1.08089, -0.314552)
Footfinger32_R=Transform3D(0.997654, 0.0175453, 0.0661724, 0.0100675, 0.91849, -0.395317, -0.0677146, 0.395056, 0.916158, 7.45058e-09, 0.931746, 0)
Footfinger33_R=Transform3D(0.99869, -0.0316537, 0.0402141, 0.0455562, 0.907888, -0.416731, -0.0233188, 0.418017, 0.90814, -1.546e-07, 1.12711, 5.96046e-08)
Footfinger11_R=Transform3D(0.99093, -0.133909, -0.0112152, 0.132382, 0.987136, -0.089647, 0.0230755, 0.0873492, 0.99591, -0.86545, 0.929172, -0.0741379)
Footfinger12_R=Transform3D(0.996154, 0.0514199, -0.070942, -0.0835405, 0.801516, -0.592109, 0.0264149, 0.595758, 0.80273, -1.11759e-07, 1.46275, -1.04308e-07)
Footfinger13_R=Transform3D(0.995302, 0.0951411, -0.0179802, -0.0963118, 0.953707, -0.284899, -0.00995775, 0.285292, 0.958389, -1.44355e-08, 1.19286, 9.85565e-08)
Footfinger41_R=Transform3D(-0.999769, -0.0214698, -9.84408e-07, 0.0155935, -0.7261, -0.687412, 0.0147579, -0.687254, 0.726267, 0.101745, -1.20427, -0.918826)
Footfinger42_R=Transform3D(0.99972, 0.000574768, -0.0236362, 0.00255626, 0.991216, 0.132224, 0.0235046, -0.132247, 0.990938, -1.08965e-07, 0.833771, -2.34799e-07)

[Walk_1]

Root=Transform3D(1, 0, 0, 0, 1, 0, 0, 0, 1, 0, 0, 0)
Hips=Transform3D(0.999683, -0.0169831, -0.0186023, 0.00602428, 0.878287, -0.478096, 0.0244577, 0.477832, 0.87811, -2.29702e-07, 9.24454, -5.18533)
Spine1=Transform3D(-0.999984, -0.00482339, 0.0031826, -0.00479528, 0.999949, 0.00878373, -0.00322481, 0.00876831, -0.999957, -5.68434e-14, 2.76832, 2.38419e-07)
Spine2=Transform3D(0.999986, 0.00516237, 0.00135521, -0.00433861, 0.638348, 0.769735, 0.00310857, -0.76973, 0.638362, -2.05086e-14, 4.02842, 1.04308e-07)
Spine3=Transform3D(0.992578, -0.118508, -0.0272883, 0.111665, 0.799302, 0.590463, -0.0481628, -0.589127, 0.806603, 8.47033e-14, 4.63454, 7.15256e-07)
Neck=Transform3D(0.992634, 0.121064, -0.00445627, -0.0736478, 0.632245, 0.77126, 0.0961896, -0.765252, 0.636504, -5.5507e-14, 4.46661, 2.08616e-07)
Head=Transform3D(0.994933, 0.0911528, 0.0424397, 0.0676198, -0.294201, -0.953349, -0.0744146, 0.951387, -0.298874, 3.25061e-13, 3.05792, 1.43051e-06)
Mouth=Transform3D(1, -6.1318e-07, 4.05818e-08, -1.33054e-07, -0.151572, 0.988446, -5.99945e-07, -0.988446, -0.151572, -2.61375e-07, 0.281519, -0.459342)
IK-Mouth=Transform3D(1, -5.3628e-07, 3.2646e-07, -5.68434e-14, 0.51998, 0.854178, -6.27832e-07, -0.854178, 0.51998, -2.1638e-06, -0.186917, -3.51414)
Shoulder_L=Transform3D(-0.450282, -0.860095, -0.239755, 0.857267, -0.491528, 0.153276, -0.249678, -0.136517, 0.958657, -5.5507e-14, 4.46661, 2.08616e-07)
Arm_L=Transform3D(-0.698245, 0.272826, -0.661831, 0.710361, 0.378438, -0.593441, 0.0885554, -0.884505, -0.458048, 3.72529e-09, 7.85862, -1.40071e-06)
Forearm_L=Transform3D(-0.276145, -0.847571, -0.453175, 0.232771, 0.398494, -0.887142, 0.932503, -0.350466, 0.0872477, -3.27826e-07, 7.58511, 4.54485e-07)
Hand_L=Transform3D(-0.775535, 0.501879, 0.382965, 0.247339, 0.799683, -0.54711, -0.580834, -0.329581, -0.744317, -2.38419e-07, 5.41737, -8.86619e-07)
Toe1_L=Transform3D(0.211677, -0.729866, -0.649991, -0.149566, 0.633037, -0.759536, 0.965828, 0.257993, 0.0248363, -0.915116, 0.522819, 0.559067)
Toe2_L=Transform3D(0.948816, 0.280708, 0.144747, -0.310959, 0.910477, 0.272647, -0.0552541, -0.303702, 0.951164, -1.52737e-07, 1.54134, 2.23517e-07)
Toe3_L=Transform3D(0.601649, 0.798746, 0.00497452, -0.788291, 0.592747, 0.165072, 0.128902, -0.103237, 0.986269, -1.19209e-07, 1.9633, 1.19209e-07)
Finger11_L=Transform3D(-0.0318538, 0.0218306, -0.999255, -0.908252, 0.416688, 0.0380562, 0.417208, 0.908787, 0.00655461, -0.552846, 3.60575, 0.0739504)
Finger12_L=Transform3D(-0.00874007, 0.664619, 0.747131, -0.0302159, 0.746643, -0.664538, -0.999505, -0.0283834, 0.0135564, -6.98492e-09, 1.70904, 6.54163e-08)
Finger13_L=Transform3D(0.999642, -0.023683, -0.0124828, 0.0199961, 0.970551, -0.240063, 0.0178007, 0.239728, 0.970676, 1.53903e-07, 1.12632, -7.58394e-09)
Finger21_L=Transform3D(-0.473951, 0.0698664, -0.877774, -0.849424, 0.226427, 0.476665, 0.232055, 0.971519, -0.0479692, 0.958422, 3.42917, -0.0249742)
Finger22_L=Transform3D(0.0375044, 0.526528, 0.84933, 0.0105723, 0.849671, -0.527207, -0.999241, 0.028752, 0.0262997, 1.11759e-08, 1.62451, 1.77399e-06)
Finger23_L=Transform3D(0.999819, 0.0189786, 0.00091037, -0.0188614, 0.997149, -0.0730573, -0.0022943, 0.0730269, 0.997327, -1.27077e-06, 1.28745, -8.84756e-09)
Shoulder_R=Transform3D(-0.450282, 0.860094, 0.239758, -0.857267, -0.491528, 0.153275, 0.249679, -0.13652, 0.958657, -5.5507e-14, 4.46661, 2.08616e-07)
Arm_R=Transform3D(-0.586057, -0.630147, 0.509365, -0.771518, 0.241893, -0.588429, 0.247585, -0.737837, -0.627932, 1.15484e-07, 7.85862, -1.3262e-06)
Forearm_R=Transform3D(-0.276145, 0.859018, 0.431083, -0.232771, 0.375397, -0.897159, -0.932503, -0.34809, 0.0962902, -1.01328e-06, 7.5851, -8.9407e-08)
Hand_R=Transform3D(-0.725425, -0.607027, -0.324464, 0.0627493, 0.41111, -0.909423, 0.685436, -0.680078, -0.260139, 8.9407e-08, 5.41737, -9.31323e-07)
Toe1_R=Transform3D(0.211677, 0.729866, 0.649991, 0.149566, 0.633037, -0.759536, -0.965827, 0.257993, 0.0248361, 0.915116, 0.52282, 0.559067)
Toe2_R=Transform3D(0.948816, -0.280708, -0.144746, 0.310959, 0.910477, 0.272647, 0.0552539, -0.303702, 0.951164, 2.79397e-07, 1.54134, -3.72529e-07)
Toe3_R=Transform3D(0.601649, -0.798746, -0.00497452, 0.788291, 0.592747, 0.165072, -0.128902, -0.103237, 0.986269, -1.19209e-07, 1.9633, 8.04663e-07)
Finger11_R=Transform3D(0.0069192, -0.0281808, 0.999579, 0.826427, 0.562952, 0.0101505, -0.563001, 0.826008, 0.0271846, 0.552846, 3.60576, 0.0739505)
Finger12_R=Transform3D(-0.0186937, -0.62032, -0.784125, 0.0324476, 0.783473, -0.620577, 0.999299, -0.0370439, 0.00548189, 4.19095e-09, 1.70904, 1.71223e-06)
Finger13_R=Transform3D(1, 3.34738e-08, -7.96247e-08, -4.05535e-08, 0.995883, -0.0906439, 7.62628e-08, 0.0906439, 0.995883, -1.36062e-06, 1.12632, -2.23031e-09)
Finger21_R=Transform3D(-0.440817, -0.0837548, 0.89368, 0.811933, 0.387272, 0.436789, -0.382681, 0.918153, -0.102713, -0.958422, 3.42917, -0.024974)
Finger22_R=Transform3D(-0.0257975, -0.271102, -0.962205, -0.131137, 0.955125, -0.265592, 0.991029, 0.119329, -0.0601914, -1.67638e-08, 1.62451, -8.2812e-07)
Finger23_R=Transform3D(0.987023, -0.0842702, 0.136689, 0.129737, 0.9201, -0.369571, -0.0946236, 0.382509, 0.919093, 3.0268e-08, 1.28745, 3.25963e-09)
Tree-Root=Transform3D(-1, 1.7836e-06, -3.61796e-07, -3.58114e-12, 0.198796, 0.980041, 1.81992e-06, 0.980041, -0.198796, 1.55238e-05, 1.85886, 8.53384)
Tree=Transform3D(0.983048, -0.183122, 0.0091036, 0.182246, 0.981368, 0.0608522, -0.0200774, -0.0581616, 0.998105, -3.38271e-17, 0.504303, 1.1299e-07)
IK-Target-Tree=Transform3D(1, 3.40928e-20, -5.20118e-12, -3.40928e-20, 1, 8.86614e-32, 5.20118e-12, 8.86614e-32, 1, -0.887415, 5.2452, -0.277799)
Thigh_L=Transform3D(-0.952878, 0.243273, 0.181226, 0.0892794, -0.346051, 0.933959, 0.28992, 0.906128, 0.308025, 1.96984, 1.40073, 0.0430825)
Leg_L=Transform3D(-0.979785, 0.15022, -0.132115, 0.173022, 0.304827, -0.936559, -0.100418, -0.940487, -0.324656, -1.3411e-07, 6.55046, -9.68575e-08)
Thigh_R=Transform3D(-0.91826, -0.346136, -0.192326, 0.0705468, -0.62093, 0.780686, -0.389644, 0.703303, 0.594594, -1.96984, 1.40073, 0.0430815)
Leg_R=Transform3D(-0.965832, -0.155088, 0.207645, -0.178629, -0.182147, -0.966909, 0.187778, -0.970963, 0.14822, -1.15484e-07, 6.55046, 2.57045e-07)
IK-Target-Elbow_R=Transform3D(1, 0, 0, 0, 0, 1, 0, -1, 0, -2.5493, 13.1222, -12.0833)
IK-Hand_L=Transform3D(0.973458, -0.143272, -0.178475, -0.159, -0.984263, -0.0771115, -0.164618, 0.103442, -0.980921, 9.39246, 4.58411, 1.35084)
IK-Hand_R=Transform3D(0.973458, 0.143272, 0.178475, 0.133154, -0.988794, 0.067498, 0.186145, -0.0419416, -0.98163, -9.38474, 4.84362, 7.45491)
IK-Target-Elbow_L=Transform3D(1, 0, 0, 0, 0, 1, 0, -1, 0, 0.370915, 13.1222, -12.0832)
IK-Target-Node_L=Transform3D(-1, 0, 8.74227e-08, 8.74227e-08, 0, 1, 0, 1, 0, 4.67299, 6.38477, 7.24168)
IK-Target-Node_R=Transform3D(-1, 0, 8.74227e-08, 8.74227e-08, 0, 1, 0, 1, 0, -6.54635, 6.38477, 7.24168)
IK-Head=Transform3D(-0.999989, 0.00170747, -0.00432347, -0.00279625, 0.522033, 0.852921, 0.00371333, 0.852923, -0.522023, -0.0849003, 11.1651, 7.41072)
IK-Spine=Transform3D(-0.995716, 0.0924221, 0.00250945, -0.0377032, -0.430681, 0.901716, 0.0844193, 0.897758, 0.432321, -0.301606, 16.0492, 2.64462)
IK-Foot_L=Transform3D(0.995054, 0.0187186, -0.0975553, -0.0187185, -0.929157, -0.36921, -0.0975553, 0.36921, -0.924211, 2.51538, 1.97477, -2.13605)
Foot_L=Transform3D(-1, 8.52651e-13, 1.10467e-06, -6.69444e-07, 0.795454, -0.606013, -8.78715e-07, -0.606013, -0.795455, 1.42605e-08, 0, 1.85166e-08)
Footfinger21_L=Transform3D(1, 1.17799e-07, 2.98094e-07, -8.98545e-08, 0.995753, -0.0920652, -3.07673e-07, 0.0920652, 0.995753, 2.63501e-07, 1.10934, -2.05454e-07)
Footfinger22_L=Transform3D(1, 5.12716e-07, -4.36491e-07, -6.71775e-07, 0.803993, -0.594638, 4.60554e-08, 0.594638, 0.803993, 2.98609e-07, 1.32118, 3.38673e-09)
Footfinger23_L=Transform3D(1, 3.14726e-07, -1.0093e-06, -5.89237e-07, 0.958556, -0.284905, 8.77805e-07, 0.284905, 0.958556, 1.49013e-07, 1.19286, -4.51016e-08)
Footfinger31_L=Transform3D(0.991472, -0.129933, -0.010074, 0.126869, 0.979984, -0.153416, 0.0298063, 0.15083, 0.98811, -0.833625, 1.08089, -0.314552)
Footfinger32_L=Transform3D(0.997654, -0.0175453, -0.0661724, -0.0100675, 0.91849, -0.395317, 0.0677146, 0.395056, 0.916158, 2.75671e-07, 0.931746, -5.21541e-08)
Footfinger33_L=Transform3D(0.99869, 0.0316537, -0.0402141, -0.0455562, 0.907888, -0.416731, 0.0233188, 0.418017, 0.90814, 3.01749e-07, 1.12711, 4.47035e-08)
FootFinger11_L=Transform3D(0.99093, 0.133909, 0.0112151, -0.132382, 0.987136, -0.089647, -0.0230754, 0.0873492, 0.99591, 0.86545, 0.929172, -0.0741378)
FootFinger12_L=Transform3D(0.996154, -0.0514199, 0.0709418, 0.0835404, 0.801516, -0.592109, -0.0264148, 0.595758, 0.802729, 3.72529e-08, 1.46275, -5.58794e-09)
Footfinger13_L=Transform3D(0.995301, -0.0951412, 0.0179802, 0.0963118, 0.953707, -0.284899, 0.0099578, 0.285292, 0.958389, -3.49246e-08, 1.19286, 7.9026e-08)
Footfinger41_L=Transform3D(-0.999769, 0.0214699, 7.70669e-07, -0.0155934, -0.7261, -0.687412, -0.0147581, -0.687254, 0.726267, -0.101745, -1.20427, -0.918826)
FootFinger42_L=Transform3D(0.99972, -0.000574778, 0.0236362, -0.00255625, 0.991216, 0.132224, -0.0235046, -0.132247, 0.990938, -3.63216e-08, 0.833771, -2.34171e-07)
IK-Foot_R=Transform3D(0.974277, -0.0188451, 0.224564, -0.107891, -0.913876, 0.391396, 0.197848, -0.405557, -0.892401, -2.51538, 3.53489, -6.16676)
Foot_R=Transform3D(-1, -3.86535e-12, -1.34309e-06, 8.13928e-07, 0.795454, -0.606013, 1.06837e-06, -0.606013, -0.795455, 1.42605e-08, 0, -1.85166e-08)
Footfinger21_R=Transform3D(1, -1.17799e-07, -4.06763e-07, 7.98497e-08, 0.995753, -0.0920652, 4.15881e-07, 0.0920652, 0.995753, -1.59117e-08, 1.10934, -2.53607e-07)
Footfinger22_R=Transform3D(0.999567, -0.00201278, 0.0293676, 0.0216475, 0.726314, -0.687022, -0.0199473, 0.68736, 0.726043, 3.22097e-08, 1.32118, 3.38673e-09)
Footfinger23_R=Transform3D(0.99944, 0.00759184, 0.0326016, 0.00657638, 0.910428, -0.413616, -0.0328215, 0.413598, 0.909868, -1.69671e-07, 1.19286, 1.4503e-08)
Footfinger31_R=Transform3D(0.991472, 0.129933, 0.010074, -0.126869, 0.979984, -0.153416, -0.0298063, 0.15083, 0.98811, 0.833625, 1.08089, -0.314552)
Footfinger32_R=Transform3D(0.993905, 0.0164082, 0.109008, 0.0402566, 0.866538, -0.497485, -0.102622, 0.498841, 0.860596, 7.45058e-09, 0.931746, 0)
Footfinger33_R=Transform3D(0.99869, -0.0316537, 0.0402141, 0.0455562, 0.907888, -0.416731, -0.0233188, 0.418017, 0.90814, -1.546e-07, 1.12711, 5.96046e-08)
Footfinger11_R=Transform3D(0.99093, -0.133909, -0.0112152, 0.132382, 0.987136, -0.089647, 0.0230755, 0.0873492, 0.99591, -0.86545, 0.929172, -0.0741379)
Footfinger12_R=Transform3D(0.997685, 0.039896, -0.0550608, -0.0668547, 0.723273, -0.687319, 0.0124027, 0.689408, 0.724267, -1.11759e-07, 1.46275, -1.04308e-07)
Footfinger13_R=Transform3D(0.994999, 0.099679, 0.0064389, -0.0880129, 0.90538, -0.415381, -0.0472344, 0.412737, 0.909625, -1.44355e-08, 1.19286, 9.85565e-08)
Footfinger41_R=Transform3D(-0.999769, -0.0214698, -9.84408e-07, 0.0155935, -0.7261, -0.687412, 0.0147579, -0.687254, 0.726267, 0.101745, -1.20427, -0.918826)
Footfinger42_R=Transform3D(0.99972, 0.000574768, -0.0236362, 0.00255626, 0.991216, 0.132224, 0.0235046, -0.132247, 0.990938, -1.08965e-07, 0.833771, -2.34799e-07)

[Walk_2]

Root=Transform3D(1, 0, 0, 0, 1, 0, 0, 0, 1, 0, 0, 0)
Hips=Transform3D(0.997148, 0.0508869, 0.0557384, -0.0180508, 0.877878, -0.478543, -0.0732832, 0.476172, 0.876293, -6.89107e-07, 9.24454, -5.18533)
Spine1=Transform3D(-0.99985, 0.0146335, -0.00926293, 0.0144311, 0.999663, 0.0215537, 0.00957522, 0.0214168, -0.999725, -5.68434e-14, 2.76832, 2.38419e-07)
Spine2=Transform3D(0.99988, -0.0150617, -0.00371998, 0.0126639, 0.65385, 0.756517, -0.00896217, -0.756473, 0.653962, -2.05086e-14, 4.02842, 1.04308e-07)
Spine3=Transform3D(0.999102, -0.0371176, -0.0204069, 0.0421064, 0.817927, 0.573777, -0.00460588, -0.574121, 0.818756, 8.47033e-14, 4.63454, 7.15256e-07)
Neck=Transform3D(0.995585, 0.093852, -0.000960186, -0.0550587, 0.592289, 0.803842, 0.0760109, -0.800241, 0.594842, -5.5507e-14, 4.46661, 2.08616e-07)
Head=Transform3D(0.982776, 0.184792, 0.00217229, 0.0898392, -0.467453, -0.879442, -0.161498, 0.864489, -0.476003, 3.25061e-13, 3.05792, 1.43051e-06)
Mouth=Transform3D(1, -5.777e-07, 3.95022e-08, -1.26609e-07, -0.151572, 0.988446, -5.65038e-07, -0.988446, -0.151572, -2.61375e-07, 0.281519, -0.459342)
IK-Mouth=Transform3D(1, -5.3628e-07, 3.2646e-07, -5.68434e-14, 0.51998, 0.854178, -6.27832e-07, -0.854178, 0.51998, -2.1638e-06, -0.186917, -3.51414)
Shoulder_L=Transform3D(-0.450282, -0.860095, -0.239755, 0.857267, -0.491528, 0.153276, -0.249678, -0.136517, 0.958657, -5.5507e-14, 4.46661, 2.08616e-07)
Arm_L=Transform3D(-0.403548, 0.709276, -0.577993, 0.910786, 0.251144, -0.327712, -0.0872783, -0.658675, -0.747348, 3.72529e-09, 7.85862, -1.40071e-06)
Forearm_L=Transform3D(-0.276145, -0.940074, -0.200011, 0.232771, 0.136492, -0.962906, 0.932503, -0.312458, 0.181131, -3.27826e-07, 7.58511, 4.54485e-07)
Hand_L=Transform3D(-0.654459, 0.43068, 0.621448, -0.161073, 0.723633, -0.671126, -0.738741, -0.539323, -0.404218, -2.38419e-07, 5.41737, -8.86619e-07)
Toe1_L=Transform3D(0.211677, -0.729866, -0.649991, -0.149566, 0.633037, -0.759536, 0.965828, 0.257993, 0.0248363, -0.915116, 0.522819, 0.559067)
Toe2_L=Transform3D(0.948816, 0.280709, 0.144747, -0.31096, 0.910477, 0.272647, -0.0552541, -0.303702, 0.951164, -1.52737e-07, 1.54134, 2.23517e-07)
Toe3_L=Transform3D(0.601649, 0.798746, 0.00497473, -0.788292, 0.592746, 0.165072, 0.128902, -0.103237, 0.986269, -1.19209e-07, 1.9633, 1.19209e-07)
Finger11_L=Transform3D(-0.0308373, 0.022084, -0.999281, -0.906409, 0.420753, 0.0372699, 0.421273, 0.906906, 0.00704229, -0.552846, 3.60575, 0.0739504)
Finger12_L=Transform3D(-0.028493, 0.573922, 0.818414, -0.0352433, 0.817661, -0.57462, -0.998972, -0.0452163, -0.00307071, -6.98492e-09, 1.70904, 6.54163e-08)
Finger13_L=Transform3D(0.996813, -0.0753907, -0.026076, 0.0508614, 0.852454, -0.520321, 0.061456, 0.517336, 0.853572, 1.53903e-07, 1.12632, -7.58394e-09)
Finger21_L=Transform3D(-0.473104, 0.0703157, -0.878196, -0.848767, 0.230813, 0.475731, 0.23615, 0.970454, -0.0495167, 0.958422, 3.42917, -0.0249742)
Finger22_L=Transform3D(0.0650349, 0.790314, 0.60924, -0.157065, 0.611029, -0.775869, -0.985445, -0.0452317, 0.163869, 1.11759e-08, 1.62451, 1.77399e-06)
Finger23_L=Transform3D(0.999819, 0.0189786, 0.00091036, -0.0188614, 0.997149, -0.0730573, -0.00229429, 0.0730269, 0.997327, -1.27077e-06, 1.28745, -8.84756e-09)
Shoulder_R=Transform3D(-0.450282, 0.860094, 0.239758, -0.857267, -0.491528, 0.153275, 0.249679, -0.13652, 0.958657, -5.5507e-14, 4.46661, 2.08616e-07)
Arm_R=Transform3D(-0.793464, -0.377106, 0.477709, -0.587849, 0.27157, -0.762025, 0.157633, -0.885461, -0.437162, 1.15484e-07, 7.85862, -1.3262e-06)
Forearm_R=Transform3D(-0.276144, 0.804345, 0.526093, -0.232771, 0.475112, -0.848578, -0.932503, -0.35679, 0.0560287, -1.01328e-06, 7.5851, -8.9407e-08)
Hand_R=Transform3D(-0.762911, -0.601259, -0.237601, -0.234537, 0.599879, -0.764942, 0.602461, -0.527857, -0.598671, 8.9407e-08, 5.41737, -9.31323e-07)
Toe1_R=Transform3D(0.211677, 0.729866, 0.649991, 0.149566, 0.633037, -0.759536, -0.965827, 0.257993, 0.0248361, 0.915116, 0.52282, 0.559067)
Toe2_R=Transform3D(0.948816, -0.280708, -0.144746, 0.310959, 0.910477, 0.272647, 0.0552539, -0.303702, 0.951164, 2.79397e-07, 1.54134, -3.72529e-07)
Toe3_R=Transform3D(0.601649, -0.798746, -0.00497473, 0.788292, 0.592746, 0.165072, -0.128902, -0.103237, 0.986269, -1.19209e-07, 1.9633, 8.04663e-07)
Finger11_R=Transform3D(-0.0323614, -0.0217023, 0.999241, 0.909167, 0.414653, 0.0384501, -0.415173, 0.90972, 0.00631225, 0.552846, 3.60576, 0.0739505)
Finger12_R=Transform3D(0.00131977, -0.706595, -0.707617, 0.0285599, 0.707356, -0.70628, 0.999592, -0.0192773, 0.0211137, 4.19095e-09, 1.70904, 1.71223e-06)
Finger13_R=Transform3D(1, 3.6404e-08, -6.40442e-08, -4.20594e-08, 0.995883, -0.0906439, 6.04808e-08, 0.0906439, 0.995883, -1.36062e-06, 1.12632, -2.23031e-09)
Finger21_R=Transform3D(-0.474374, -0.0696394, 0.877564, 0.849745, 0.224233, 0.47713, -0.230006, 0.972044, -0.0471945, -0.958422, 3.42917, -0.024974)
Finger22_R=Transform3D(0.00200862, -0.37027, -0.928922, -0.0880085, 0.925254, -0.368998, 0.996118, 0.0824942, -0.0307285, -1.67638e-08, 1.62451, -8.2812e-07)
Finger23_R=Transform3D(0.999819, -0.0189786, -0.000910689, 0.0188614, 0.997149, -0.0730573, 0.00229462, 0.0730269, 0.997327, 3.0268e-08, 1.28745, 3.25963e-09)
Tree-Root=Transform3D(-1, 1.7836e-06, -3.61796e-07, -3.58114e-12, 0.198796, 0.980041, 1.81992e-06, 0.980041, -0.198796, 1.55238e-05, 1.85886, 8.53384)
Tree=Transform3D(0.999185, 0.0403496, 0.000905951, -0.0396944, 0.978407, 0.202843, 0.00729825, -0.202714, 0.979211, -3.38271e-17, 0.504303, 1.1299e-07)
IK-Target-Tree=Transform3D(1, 3.40928e-20, -5.20118e-12, -3.40928e-20, 1, 8.86614e-32, 5.20118e-12, 8.86614e-32, 1, 0.175277, 4.75448, -0.880582)
Thigh_L=Transform3D(-0.890423, 0.363835, 0.273442, 0.0657099, -0.491733, 0.868264, 0.450365, 0.79109, 0.413943, 1.96984, 1.40073, 0.0430825)
Leg_L=Transform3D(-0.97054, 0.157701, -0.182157, 0.181639, -0.017813, -0.983204, -0.158297, -0.987327, -0.0113564, -1.3411e-07, 6.55046, -9.68575e-08)
