[Stand_0]

root=Transform3D(1, 0, 0, 0, 0, 1, 0, -1, 0, 0, 0, 0)
DEF-spine=Transform3D(1, 1.20792e-13, 2.38419e-07, 2.3087e-07, -0.24964, -0.968339, 5.95187e-08, 0.968339, -0.24964, 0, 0.0552, 0.743369)
DEF-spine.001=Transform3D(1, 2.81635e-08, -2.3675e-07, 0, 0.992999, 0.118126, 2.38419e-07, -0.118126, 0.992999, -2.22045e-15, 0.152219, 9.31323e-09)
DEF-spine.002=Transform3D(1, 5.68434e-14, 2.38419e-07, -4.21954e-08, 0.984214, 0.17698, -2.34655e-07, -0.17698, 0.984214, 0, 0.125837, 2.61934e-09)
DEF-spine.003=Transform3D(1, -4.43618e-09, 4.12617e-11, 4.43618e-09, 0.999827, -0.0186067, 4.12881e-11, 0.0186067, 0.999827, 1.11022e-16, 0.125008, 4.19095e-09)
DEF-spine.004=Transform3D(1, -9.35257e-08, 1.91098e-08, 9.35257e-08, 0.919848, -0.392275, 1.91097e-08, 0.392275, 0.919848, 9.61571e-17, 0.216527, 0)
DEF-spine.005=Transform3D(1, 4.50276e-08, 4.29055e-09, -4.50276e-08, 0.982004, 0.18886, 4.29058e-09, -0.18886, 0.982004, 9.84336e-16, 0.0661634, -7.45058e-09)
DEF-spine.006=Transform3D(1, 4.44886e-08, -2.3423e-07, -1.42109e-14, 0.982436, 0.186599, 2.38418e-07, -0.186599, 0.982436, -5.23291e-15, 0.0627012, 2.04891e-08)
VIS_upper_arm_ik_pole.L=Transform3D(-0.801293, 10.2746, -0.378971, 0.3091, 19.1469, 0.400275, 0.512238, 4.51873, -0.834362, 0.263615, 0.041359, 1.03524)
VIS_upper_arm_ik_pole.R=Transform3D(-0.779485, -9.49177, 0.396325, -0.327615, 16.7284, 0.402136, -0.533921, 3.5927, -0.825357, -0.282158, 0.0986441, 1.05718)
VIS_thigh_ik_pole.L=Transform3D(0.266512, -10.2305, 0.733755, -0.365257, -12.6047, -0.523159, 0.891941, -2.10485, -0.433484, 0.13206, -0.221164, 0.48597)
VIS_thigh_ik_pole.R=Transform3D(0.458965, 11.8499, -0.718062, 0.305297, -19.294, -0.425563, -0.834353, -0.541386, -0.550712, -0.198098, 0.0516158, 0.422212)
MCH-torso.parent=Transform3D(1, 0, 0, 0, 0, 1, 0, -1, 0, 0, 0.905014, -0.0362)
torso=Transform3D(1, 0, 0, 0, 1, 0, 0, 0, 1, 0, 0, -0.0879441)
hips=Transform3D(1, 0, 0, 0, 1, 0, 0, 0, 1, 0, -0.0358, 0.198411)
chest=Transform3D(1, 0, 0, 0, 1, 0, 0, 0, 1, 0, -0.0358, 0.198411)
MCH-spine.001=Transform3D(1, 0, 0, 0, 1, 0, 0, 0, 1, 0, -0.0358, 0.198411)
spine_fk.001=Transform3D(1, 0, 0, 0, -0.133506, -0.991048, 0, 0.991048, -0.133506, 0, 3.72529e-09, 0)
MCH-spine=Transform3D(1, 0, 0, 0, -0.133506, 0.991048, 0, -0.991048, -0.133506, 0, -0.125837, 1.11759e-08)
spine_fk=Transform3D(1, 1.20792e-13, 2.38419e-07, 2.3087e-07, -0.24964, -0.968339, 5.95187e-08, 0.968339, -0.24964, 0, 9.63042e-09, 6.01172e-08)
tweak_spine=Transform3D(1, -2.13163e-14, 2.57572e-14, 2.13163e-14, 1, -8.9407e-08, -2.57572e-14, 8.9407e-08, 1, 5.32907e-15, -0.152219, -2.23517e-08)
ORG-spine=Transform3D(1, 1.06581e-14, -1.86517e-14, -1.06581e-14, 1, 4.47035e-08, 1.86517e-14, -4.47035e-08, 1, 8.88179e-16, -2.79397e-09, 3.72529e-09)
ORG-pelvis.L=Transform3D(-0.421772, 0.536322, -0.731072, -0.0525323, 0.79049, 0.610218, 0.905178, 0.295778, -0.305232, -1.77636e-15, -2.79397e-09, 7.45058e-09)
DEF-pelvis.L=Transform3D(1, -7.45058e-08, 1.22935e-07, 7.45058e-08, 1, 1.04308e-07, -1.22935e-07, -1.04308e-07, 1, 4.3425e-08, -1.15737e-08, -3.21425e-08)
ORG-pelvis.R=Transform3D(-0.421772, -0.536322, 0.731072, 0.0525322, 0.79049, 0.610218, -0.905179, 0.295778, -0.305232, -1.77636e-15, -2.79397e-09, 7.45058e-09)
DEF-pelvis.R=Transform3D(1, -4.47035e-08, -1.93715e-07, 4.47035e-08, 1, 3.35276e-08, 1.93715e-07, -3.35276e-08, 1, 1.42838e-08, -8.37532e-08, -2.60003e-08)
ORG-thigh.L=Transform3D(0.961645, 0.0844719, -0.196666, -0.100082, -0.6227, -0.756838, -0.1892, 0.758737, -0.599246, 0.098, 0.0708184, 0.0259423)
ORG-shin.L=Transform3D(1, -3.64611e-08, -5.14031e-08, 1.34181e-09, 0.827779, -0.561054, 6.30071e-08, 0.561054, 0.827779, -3.95812e-09, 0.403207, -9.31323e-10)
ORG-foot.L=Transform3D(1.01368, 0.0370714, 0.0373855, -0.0516227, 0.558174, 0.846224, 0.0103474, -0.846985, 0.559308, -1.71713e-09, 0.407787, -4.19095e-09)
ORG-toe.L=Transform3D(-0.999992, 0.00413313, -1.84704e-06, 0.00353578, 0.855233, -0.518231, -0.00214034, -0.518227, -0.85524, 8.68952e-06, 0.132052, -0.000106935)
ORG-heel.02.L=Transform3D(-1.66893e-06, 0.974711, 0.22347, -0.518232, 0.19112, -0.833612, -0.85524, -0.115811, 0.505126, -0.0304018, 0.0121325, 0.0922695)
MCH-foot_tweak.L=Transform3D(1, 2.06273e-07, -4.05446e-07, -2.06273e-07, 1, -2.20723e-07, 4.05446e-07, 2.20723e-07, 1, -2.37802e-08, 3.35276e-08, -3.72529e-09)
foot_tweak.L=Transform3D(1, -1.50585e-07, -1.11441e-08, 1.50585e-07, 1, 3.00817e-07, 1.11441e-08, -3.00817e-07, 1, 1.47772e-09, 3.72529e-09, 1.86265e-08)
MCH-shin_tweak.L=Transform3D(1.01504, 2.80058e-08, 3.18459e-08, -2.80055e-08, 1.01505, -3.49771e-08, -3.18459e-08, 3.49774e-08, 1.01504, -4.65661e-10, -1.75787e-08, -1.86265e-08)
shin_tweak.L=Transform3D(1, -5.54137e-08, -2.46728e-08, 5.54137e-08, 1, 5.40167e-08, 2.46728e-08, -5.40167e-08, 1, -1.16415e-09, -1.43191e-08, 1.86265e-09)
MCH-shin_tweak.L.001=Transform3D(1.01501, -1.89314e-08, 0.00816743, 1.70745e-08, 1.01505, 2.30826e-07, -0.00816743, -2.30683e-07, 1.01501, 4.83124e-09, 0.203893, -2.39525e-08)
shin_tweak.L.001=Transform3D(0.944256, -8.89251e-08, 0.329213, 7.61517e-08, 1, 5.16945e-08, -0.329213, -2.37427e-08, 0.944256, -7.40329e-09, 1.05847e-08, -1.45519e-09)
MCH-thigh_parent_widget.L=Transform3D(1.01505, 1.1793e-07, 1.64104e-08, -1.1793e-07, 1.01505, -5.86108e-08, -1.64104e-08, 5.86108e-08, 1.01505, -1.28057e-08, 1.07568e-07, 3.72529e-09)
MCH-thigh_tweak.L.001=Transform3D(0.953089, -4.54087e-08, 0.349197, 6.21002e-09, 1.01505, 1.15044e-07, -0.349197, -1.05886e-07, 0.953088, -1.12923e-08, 0.201604, -1.11759e-08)
thigh_tweak.L.001=Transform3D(1, 5.89062e-08, 7.38073e-08, -5.89062e-08, 1, -6.51926e-09, -7.38073e-08, 6.51926e-09, 1, -9.60426e-09, -3.15194e-08, 1.04774e-09)
ORG-thigh.R=Transform3D(0.898989, -0.248253, 0.323685, -0.18085, -0.944708, -0.222268, 0.365642, 0.143108, -0.905766, -0.098, 0.0708184, 0.0259423)
ORG-shin.R=Transform3D(1.00002, 5.0721e-08, 1.03005e-07, 5.40278e-09, 0.87537, -0.483498, -1.14688e-07, 0.483498, 0.87537, -1.32713e-08, 0.403207, 0)
ORG-foot.R=Transform3D(0.969919, 0.229593, 0.180493, -0.183726, -0.00692809, 0.996108, 0.227014, -0.986546, 0.0350098, -7.49424e-09, 0.407787, -6.98492e-09)
ORG-toe.R=Transform3D(-0.999991, -0.00413309, 1.85217e-06, -0.00353574, 0.855233, -0.518231, 0.00214031, -0.518227, -0.85524, 3.60696e-05, 0.132144, -0.000147387)
ORG-heel.02.R=Transform3D(1.54972e-06, -0.974711, 0.22347, -0.518232, 0.19112, 0.833612, -0.85524, -0.115811, -0.505126, 0.0304018, 0.0121325, 0.0922695)
MCH-foot_tweak.R=Transform3D(1, 2.10464e-08, 3.31637e-07, -2.10465e-08, 1, 2.29105e-07, -3.31637e-07, -2.29105e-07, 1, -1.92298e-08, 4.65661e-08, 2.98023e-08)
foot_tweak.R=Transform3D(1, -3.53459e-08, 4.24535e-09, 3.53459e-08, 1, -1.18278e-07, -4.24535e-09, 1.18278e-07, 1, 3.49515e-09, 2.79397e-09, -1.30385e-08)
MCH-shin_tweak.R=Transform3D(1.01293, -4.65788e-08, -1.0792e-07, 4.65788e-08, 1.01293, -3.49046e-08, 1.0792e-07, 3.49046e-08, 1.01293, -4.42378e-09, 4.00469e-08, -9.31323e-09)
shin_tweak.R=Transform3D(1, 7.12462e-08, 8.26185e-08, -7.12462e-08, 1, 3.1665e-08, -8.26185e-08, -3.1665e-08, 1, -1.28057e-08, -4.49363e-08, -8.3819e-09)
MCH-shin_tweak.R.001=Transform3D(1.01275, -6.99328e-08, -0.0193689, 6.96058e-08, 1.01293, -1.77848e-08, 0.0193689, 1.64505e-08, 1.01275, -5.22414e-09, 0.203893, -1.30385e-08)
shin_tweak.R.001=Transform3D(0.944256, 9.22275e-08, -0.329213, -7.40135e-08, 1, 6.78583e-08, 0.329213, -3.97094e-08, 0.944256, 2.67028e-09, 3.8719e-08, 0)
MCH-thigh_parent_widget.R=Transform3D(1.01296, -9.8702e-08, -2.95914e-08, 9.8702e-08, 1.01296, -1.1132e-07, 2.95914e-08, 1.1132e-07, 1.01296, -1.22236e-08, 1.08674e-07, -9.31323e-10)
MCH-thigh_tweak.R.001=Transform3D(0.930804, 1.76807e-08, -0.399605, -1.40554e-07, 1.01296, -2.82575e-07, 0.399605, 3.15107e-07, 0.930804, -4.5402e-09, 0.201604, -6.98492e-10)
thigh_tweak.R.001=Transform3D(1, -7.38073e-08, -7.33708e-08, 7.38073e-08, 1, 1.86264e-09, 7.33708e-08, -1.86265e-09, 1, -4.65661e-10, -9.28412e-08, 5.93718e-09)
thigh_parent.L=Transform3D(0.998464, -0.0378098, -0.0404971, -0.0486539, -0.948024, -0.314457, -0.0265027, 0.315944, -0.948408, 0.098, 0.0708184, 0.0259423)
MCH-thigh_parent.L=Transform3D(1, 2.21739e-07, 5.95188e-08, -2.27934e-09, -0.24964, 0.968339, 2.29577e-07, -0.968339, -0.24964, 0.098, 0.0708184, 0.0259423)
thigh_fk.L=Transform3D(0.890402, -0.0378098, 0.453602, -0.45517, -0.0692763, 0.887706, -0.00214012, -0.996881, -0.0788938, 1.13197e-10, 7.10458e-09, 2.44249e-15)
shin_fk.L=Transform3D(1, -1.04276e-08, -8.4798e-08, -3.67548e-09, 0.986355, -0.164636, 8.53576e-08, 0.164636, 0.986355, -7.567e-09, 0.403207, 9.31323e-10)
MCH-foot_fk.L=Transform3D(0.766168, 0.550717, -0.331205, 0.0538317, 0.458572, 0.887025, 0.640381, -0.69744, 0.321697, -6.30098e-09, 0.407787, -1.35042e-08)
foot_fk.L=Transform3D(1, 6.44303e-09, 3.25066e-07, -6.44303e-09, 1, 2.79397e-09, -3.25066e-07, -2.79397e-09, 1, 1.16428e-08, 1.86265e-09, -1.86265e-09)
MCH-toe_fk.L=Transform3D(-0.999992, 0.00413285, -2.02726e-06, 0.00353564, 0.855233, -0.518231, -0.00214004, -0.518226, -0.855241, 4.15229e-09, 0.13218, 2.79397e-09)
toe_fk.L=Transform3D(1, -1.04308e-07, 7.83812e-08, 1.04308e-07, 1, 2.98023e-08, -7.83812e-08, -2.98023e-08, 1, -5.53679e-10, -6.22309e-09, 3.74992e-09)
MCH-thigh_ik_swing.L=Transform3D(0.869724, 0.0230152, 0.493002, -0.458616, -0.331385, 0.824534, 0.18235, -0.943215, -0.277659, 1.13197e-10, 7.10458e-09, 2.44249e-15)
thigh_ik.L=Transform3D(0.731825, 0.194635, -0.630178, 2.93606e-08, 0.941303, 0.290728, 0.659551, -0.215963, 0.699234, -9.54606e-09, 7.35206e-09, 3.0268e-09)
MCH-shin_ik.L=Transform3D(1, -3.95093e-08, -5.365e-08, 2.60438e-09, 0.827779, -0.561054, 6.65772e-08, 0.561054, 0.827779, -9.31323e-09, 0.403207, -2.79397e-09)
MCH-thigh_tweak.L=Transform3D(0.881393, 0.085743, 0.464538, 0.408536, -0.632069, -0.658474, 0.23716, 0.770154, -0.592131, 0.098, 0.0708184, 0.0259423)
thigh_tweak.L=Transform3D(1, -1.95578e-08, 7.27086e-08, 1.95578e-08, 1, 1.11759e-08, -7.27086e-08, -1.11759e-08, 1, 8.49832e-09, 8.09086e-08, 8.3819e-09)
DEF-thigh.L=Transform3D(0.887998, 0.084472, 0.468019, 0.411598, -0.6227, -0.663408, 0.238938, 0.758737, -0.596568, 0.098, 0.0708184, 0.0259423)
DEF-thigh.L.001=Transform3D(0.944218, 2.58265e-08, -0.329321, -1.05888e-09, 1, 7.53876e-08, 0.329321, -7.08336e-08, 0.944218, 6.63567e-09, 0.201604, -2.32831e-09)
DEF-shin.L=Transform3D(0.939499, -0.190052, -0.28615, -0.00105841, 0.822033, -0.565113, 0.342551, 0.523786, 0.783064, -1.5134e-09, 0.201603, 6.51926e-09)
DEF-shin.L.001=Transform3D(0.941576, -2.70488e-08, 0.3368, 2.72129e-08, 1, 4.23331e-09, -0.3368, 5.17932e-09, 0.941576, -5.61704e-09, 0.203893, -2.12458e-09)
DEF-foot.L=Transform3D(0.929796, 0.316305, -0.153199, -0.0502476, 0.548494, 0.84135, 0.345265, -0.771984, 0.535008, 8.00355e-09, 0.203893, -9.31323e-09)
DEF-toe.L=Transform3D(-0.999509, 0.00407842, 3.17661e-05, 0.00346959, 0.856151, -0.517489, -0.00213566, -0.517835, -0.855579, -3.7998e-09, 0.13218, -1.11759e-08)
thigh_parent.R=Transform3D(0.998464, 0.0378097, 0.0404975, 0.048654, -0.948024, -0.314457, 0.0265031, 0.315944, -0.948408, -0.098, 0.0708184, 0.0259423)
MCH-thigh_parent.R=Transform3D(1, 2.21739e-07, 5.95188e-08, -2.27934e-09, -0.24964, 0.968339, 2.29577e-07, -0.968339, -0.24964, -0.098, 0.0708184, 0.0259423)
thigh_fk.R=Transform3D(0.890402, 0.0378098, -0.453602, 0.45517, -0.0692763, 0.887706, 0.00214012, -0.996881, -0.0788938, 1.13197e-10, 7.03147e-09, -2.44249e-15)
shin_fk.R=Transform3D(1, 1.04276e-08, 8.4798e-08, 3.67548e-09, 0.986355, -0.164636, -8.53576e-08, 0.164636, 0.986355, 7.567e-09, 0.403207, 9.31323e-10)
MCH-foot_fk.R=Transform3D(0.766168, -0.550717, 0.331205, -0.0538316, 0.458572, 0.887025, -0.640381, -0.69744, 0.321697, 6.30098e-09, 0.407787, -1.35042e-08)
foot_fk.R=Transform3D(1, -1.03501e-08, -1.93289e-07, 1.03501e-08, 1, -1.76951e-08, 1.93289e-07, 1.76951e-08, 1, -1.24203e-10, 5.58794e-09, -1.21072e-08)
MCH-toe_fk.R=Transform3D(-0.999991, -0.0041329, 2.03121e-06, -0.00353568, 0.855233, -0.51823, 0.00214006, -0.518226, -0.85524, 8.13504e-10, 0.13218, -2.79397e-09)
toe_fk.R=Transform3D(1, 4.47035e-08, -2.85455e-08, -4.47035e-08, 1, -2.98023e-08, 2.85455e-08, 2.98023e-08, 1, 1.38594e-09, 9.71296e-09, 4.21942e-10)
MCH-thigh_ik_swing.R=Transform3D(0.873598, -0.161099, -0.459209, 0.486127, 0.33253, 0.808149, 0.022509, -0.929231, 0.368812, 1.13197e-10, 7.03147e-09, -2.44249e-15)
thigh_ik.R=Transform3D(0.629186, -0.190989, 0.736364, -1.76527e-07, 0.955591, 0.24785, -0.760729, -0.157964, 0.609034, 9.54606e-09, 7.35206e-09, 3.0268e-09)
MCH-shin_ik.R=Transform3D(1.00002, 6.65423e-08, 1.08444e-07, -5.8164e-09, 0.87537, -0.483498, -1.27099e-07, 0.483498, 0.875371, 9.31323e-09, 0.403207, -2.79397e-09)
MCH-thigh_tweak.R=Transform3D(0.87049, -0.25147, -0.423096, -0.289092, -0.956948, -0.0260179, -0.398338, 0.144962, -0.905711, -0.098, 0.0708184, 0.0259423)
thigh_tweak.R=Transform3D(1, -1.4808e-07, -7.98682e-08, 1.4808e-07, 1, 1.67638e-08, 7.98682e-08, -1.67638e-08, 1, -4.77303e-09, 6.23986e-08, 0)
DEF-thigh.R=Transform3D(0.876111, -0.248254, -0.425829, -0.290959, -0.944708, -0.0261856, -0.400911, 0.143108, -0.91156, -0.098, 0.0708184, 0.0259423)
DEF-thigh.R.001=Transform3D(0.923953, -5.09501e-09, 0.382505, 8.38181e-09, 1, -6.92643e-09, -0.382505, 9.60579e-09, 0.923953, -7.85803e-09, 0.201604, 1.5134e-09)
DEF-shin.R=Transform3D(0.919388, 0.18843, 0.346378, 0.00113817, 0.871467, -0.485735, -0.393323, 0.442975, 0.808249, -5.58794e-09, 0.201603, 3.72529e-09)
DEF-shin.R.001=Transform3D(0.937788, 1.9286e-08, -0.347208, -8.27416e-10, 1, 5.33112e-08, 0.347208, -4.97074e-08, 0.937788, -2.99769e-09, 0.203893, -9.16771e-09)
DEF-foot.R=Transform3D(0.970416, -0.124181, 0.181047, -0.180343, -0.0090919, 0.995607, -0.120618, -0.985489, -0.0319989, -2.41562e-09, 0.203893, -9.77889e-09)
DEF-toe.R=Transform3D(-0.999855, -0.0043666, 0.0001436, -0.00381017, 0.855951, -0.517262, 0.00213518, -0.517357, -0.855795, -1.4372e-09, 0.13218, -2.79397e-09)
tweak_spine.001=Transform3D(1, 2.81635e-08, -2.3675e-07, 0, 0.992999, 0.118126, 2.38419e-07, -0.118126, 0.992999, 2.66454e-15, -1.25729e-08, -1.11759e-08)
ORG-spine.001=Transform3D(1, -6.35272e-22, -1.42109e-14, 1.05879e-21, 1, 2.98023e-08, 1.42109e-14, -2.98023e-08, 1, 2.64698e-23, 1.76951e-08, -1.86265e-09)
MCH-WGT-hips=Transform3D(1, -1.06581e-14, -3.55271e-15, 1.06581e-14, 1, -4.47035e-08, 3.55271e-15, 4.47035e-08, 1, 5.32907e-15, -0.152219, -2.23517e-08)
MCH-spine.002=Transform3D(1, 0, 0, 0, 1, 0, 0, 0, 1, 0, -0.0358, 0.198411)
spine_fk.002=Transform3D(1, 1.13687e-13, 2.38419e-07, 2.38188e-07, 0.0439969, -0.999032, -1.04898e-08, 0.999032, 0.0439969, 0, 3.72529e-09, 0)
MCH-pivot=Transform3D(1, -4.21954e-08, -2.34655e-07, -5.32907e-15, 0.984214, -0.17698, 2.38419e-07, 0.17698, 0.984214, -9.64506e-16, -4.30155e-08, 3.66708e-09)
tweak_spine.002=Transform3D(1, 5.32907e-15, 2.38418e-07, -4.21953e-08, 0.984215, 0.17698, -2.34655e-07, -0.17698, 0.984214, 3.30184e-16, 1.41881e-10, 2.70666e-09)
ORG-spine.002=Transform3D(1, 1.12236e-14, -3.46806e-14, -1.12236e-14, 1, 4.28408e-08, 3.46806e-14, -4.28408e-08, 1, -1.20331e-15, -4.31137e-08, 1.89175e-09)
MCH-spine.003=Transform3D(1, 2.38188e-07, -1.04897e-08, 2.13163e-14, 0.0439969, 0.999032, 2.38419e-07, -0.999032, 0.0439969, -4.44096e-16, 0.125008, 2.79397e-09)
spine_fk.003=Transform3D(1, -5.68434e-14, 2.38419e-07, 2.38342e-07, 0.0254009, -0.999677, -6.05599e-09, 0.999677, 0.0254009, -4.02122e-23, -4.68248e-11, 2.19793e-11)
ORG-spine.004=Transform3D(1, -9.35257e-08, 1.91098e-08, 9.35257e-08, 0.919848, -0.392275, 1.91097e-08, 0.392275, 0.919848, -6.8262e-16, 0.216527, 1.86265e-09)
ORG-spine.005=Transform3D(1, 4.50276e-08, 4.29057e-09, -4.50276e-08, 0.982004, 0.18886, 4.29056e-09, -0.18886, 0.982004, -6.23373e-15, 0.0661635, 2.79397e-08)
ORG-spine.006=Transform3D(1, 4.44886e-08, -2.3423e-07, -1.77636e-15, 0.982436, 0.186599, 2.38418e-07, -0.186599, 0.982436, 1.98263e-15, 0.0627014, -5.58794e-09)
MCH-ROT-neck=Transform3D(1, 2.38342e-07, -6.05605e-09, -1.42109e-14, 0.0254009, 0.999677, 2.38419e-07, -0.999677, 0.0254009, -6.8262e-16, 0.216527, 1.86265e-09)
neck=Transform3D(1, -6.39488e-14, 2.38419e-07, 2.28784e-07, -0.281406, -0.959588, 6.70926e-08, 0.959588, -0.281406, -9.40239e-16, 8.15464e-09, 1.19231e-07)
MCH-ROT-head=Transform3D(1, 2.28784e-07, 6.70924e-08, 8.52651e-14, -0.281406, 0.959588, 2.38419e-07, -0.959588, -0.281406, 6.9418e-15, 0.128284, -7.45058e-09)
head=Transform3D(1, 1.42109e-14, -1.42109e-14, -1.42109e-14, 3.57628e-07, -1, -1.42109e-14, 1, 3.57628e-07, -2.81801e-15, -2.44549e-09, 1.19945e-07)
tweak_spine.004=Transform3D(1, -2.20083e-08, 1.01788e-09, 2.20083e-08, 0.99573, -0.0923093, 1.01804e-09, 0.0923093, 0.99573, 3.92826e-15, -5.3551e-09, -1.86265e-08)
MCH-STR-neck=Transform3D(1, 4.91301e-15, -8.43769e-14, -4.91301e-15, 1, 1.49012e-08, 8.43769e-14, -1.49012e-08, 1, 3.92826e-15, -5.3551e-09, -1.86265e-08)
MCH-spine.005=Transform3D(1, 1.36363e-13, -2.66449e-15, -1.36363e-13, 1, 5.81145e-07, 2.66457e-15, -5.81145e-07, 1, -1.45613e-09, 0.065881, 0.0061075)
tweak_spine.005=Transform3D(1, 2.32232e-08, 1.13371e-09, -2.32232e-08, 0.995245, 0.0974051, 1.13374e-09, -0.0974051, 0.995245, 2.18714e-14, -2.53785e-08, -3.53903e-08)
tweak_spine.003=Transform3D(1, 7.81473e-16, 5.66561e-14, -7.81474e-16, 1, 1.11759e-08, -5.66561e-14, -1.11759e-08, 1, -2.22051e-16, 2.08383e-08, 1.39698e-09)
ORG-spine.003=Transform3D(1, -2.92463e-15, -1.43843e-14, 2.92463e-15, 1, -1.67638e-08, 1.43843e-14, 1.67638e-08, 1, -6.74649e-21, 1.4012e-07, -4.65661e-10)
ORG-shoulder.L=Transform3D(0.507095, 0.86189, 0.00052923, -0.0219666, 0.0123103, 0.999683, 0.86161, -0.506946, 0.0251752, 0.0183, 0.161417, 0.0784255)
ORG-upper_arm.L=Transform3D(-0.812764, 0.0637208, 0.584474, -0.54975, 0.271167, -0.794039, -0.208436, -0.963672, -0.184787, 0.0134228, 0.197478, -0.0203866)
ORG-forearm.L=Transform3D(1.00029, -3.46238e-08, -5.00884e-08, 2.24997e-08, 0.974774, -0.224486, 5.65812e-08, 0.224486, 0.974773, -7.63685e-08, 0.257289, -4.47035e-08)
ORG-hand.L=Transform3D(0.98513, 0.135811, 0.065457, -0.124212, 0.97638, -0.156407, -0.0854433, 0.146449, 0.982071, -4.37722e-08, 0.236868, 1.49012e-08)
MCH-hand_tweak.L=Transform3D(1, -2.13739e-07, 1.98837e-07, 2.13739e-07, 1, 2.78465e-07, -1.98837e-07, -2.78465e-07, 1, -9.77889e-09, 9.91859e-08, -9.31323e-09)
hand_tweak.L=Transform3D(1, 4.73112e-07, -6.53323e-07, -4.73112e-07, 1, -4.72181e-07, 6.53323e-07, 4.72181e-07, 1, 8.3819e-09, -2.09548e-09, 4.65661e-09)
MCH-forearm_tweak.L=Transform3D(0.9966, -7.648e-07, 6.93797e-07, 7.648e-07, 0.9966, 1.59644e-07, -6.93797e-07, -1.59643e-07, 0.9966, -1.49012e-08, -1.4808e-07, 2.04891e-08)
forearm_tweak.L=Transform3D(1, 9.42499e-07, -8.70088e-07, -9.42499e-07, 1, -1.19209e-07, 8.70088e-07, 1.1921e-07, 1, 4.09782e-08, 7.45058e-09, -4.65661e-08)
MCH-forearm_tweak.L.001=Transform3D(0.995873, 2.88719e-07, 0.0380423, -2.6884e-07, 0.9966, -5.25913e-07, -0.0380423, 5.15267e-07, 0.995874, -4.19095e-08, 0.118434, 1.30385e-08)
forearm_tweak.L.001=Transform3D(0.999847, 8.56291e-07, -0.0175089, -8.57343e-07, 1, -5.25689e-08, 0.0175089, 6.75719e-08, 0.999847, -3.72529e-09, 5.21541e-08, -2.6077e-08)
MCH-upper_arm_parent_widget.L=Transform3D(0.996887, -7.20458e-07, 9.84131e-07, 7.20457e-07, 0.996887, 6.87034e-07, -9.8413e-07, -6.87033e-07, 0.996888, -2.8871e-08, 3.49246e-08, -2.98023e-08)
MCH-upper_arm_tweak.L.001=Transform3D(0.996798, -4.17002e-09, -0.0133718, 9.08617e-09, 0.996887, 3.66445e-07, 0.0133718, -3.66534e-07, 0.996798, -6.42613e-08, 0.128644, -4.09782e-08)
upper_arm_tweak.L.001=Transform3D(1, -2.62632e-07, -1.13696e-05, 2.62634e-07, 1, 2.16065e-07, 1.13696e-05, -2.16068e-07, 1, 2.42144e-08, 5.4948e-08, -1.11759e-08)
DEF-shoulder.L=Transform3D(1, 1.48773e-08, 5.61013e-08, -1.48773e-08, 1, -1.20162e-08, -5.61013e-08, 1.20162e-08, 1, -1.16779e-08, -1.08266e-08, -1.57942e-07)
upper_arm_parent.L=Transform3D(0.819324, 0.141817, -0.555514, 0.433269, 0.481403, 0.761924, 0.37548, -0.86495, 0.33298, 0.0134228, 0.197478, -0.0203866)
MCH-upper_arm_parent.L=Transform3D(0.507095, -0.86189, -7.3712e-05, 0.86189, 0.507095, -0.000570482, 0.000529072, 0.000225757, 1, 0.0134228, 0.197478, -0.0203866)
upper_arm_fk.L=Transform3D(-0.816093, 0.486374, -0.312142, 0.417031, 0.121691, -0.900709, -0.400097, -0.865235, -0.302144, 1.42955e-08, 1.68743e-10, 5.85926e-09)
forearm_fk.L=Transform3D(1, 7.55135e-08, -5.65576e-09, -7.34982e-08, 0.949904, -0.312542, -1.82287e-08, 0.312542, 0.949904, 3.53903e-08, 0.257289, -1.11759e-08)
MCH-hand_fk.L=Transform3D(0.945802, 0.324745, -1.49012e-08, -0.317536, 0.924807, -0.209531, -0.0680441, 0.198175, 0.977802, -4.37722e-08, 0.236868, -1.11759e-08)
hand_fk.L=Transform3D(1, -2.05822e-07, 3.4878e-07, 2.05822e-07, 1, 1.86264e-07, -3.4878e-07, -1.86264e-07, 1, 1.49012e-08, -1.76951e-08, -9.31323e-10)
MCH-upper_arm_ik_swing.L=Transform3D(-0.906667, 0.221244, -0.359173, 0.364829, -0.016217, -0.930933, -0.211788, -0.975084, -0.0660126, 1.42955e-08, 1.68743e-10, 5.85926e-09)
upper_arm_ik.L=Transform3D(1.00129, -0.00655914, 0.0602175, 9.06202e-08, 0.997224, 0.10862, -0.0605736, -0.108422, 0.995404, -6.1933e-08, 3.34112e-08, -2.23517e-08)
MCH-forearm_ik.L=Transform3D(1.00029, -2.48605e-08, -6.17949e-08, 1.03583e-08, 0.974774, -0.224486, 6.57979e-08, 0.224486, 0.974774, 9.31323e-09, 0.257289, -2.6077e-08)
MCH-upper_arm_tweak.L=Transform3D(-0.794365, 0.0635232, 0.60411, -0.569007, 0.270323, -0.776631, -0.212639, -0.960672, -0.17859, 0.0134228, 0.197478, -0.0203866)
upper_arm_tweak.L=Transform3D(1, 1.71363e-07, -4.54485e-07, -1.71363e-07, 1, -9.31322e-08, 4.54485e-07, 9.31323e-08, 1, -7.07805e-08, -4.77303e-08, -1.49012e-08)
DEF-upper_arm.L=Transform3D(-0.793128, 0.0637211, 0.60317, -0.568122, 0.271166, -0.775422, -0.212307, -0.963672, -0.178311, 0.0134228, 0.197478, -0.0203866)
DEF-upper_arm.L.001=Transform3D(0.999911, -2.63424e-07, 0.0133161, 2.60238e-07, 1, 2.41018e-07, -0.0133161, -2.37531e-07, 0.999911, 1.65775e-07, 0.128645, -1.49012e-08)
DEF-forearm.L=Transform3D(0.999765, 0.00302077, 0.0130792, -5.78233e-06, 0.975005, -0.224338, -0.013426, 0.224521, 0.974035, 3.1665e-08, 0.128644, -2.98023e-08)
DEF-forearm.L.001=Transform3D(0.999786, 2.10195e-07, 0.0206702, -2.08647e-07, 1, -7.70481e-08, -0.0206702, 7.27189e-08, 0.999786, 8.3819e-08, 0.118434, -7.45058e-09)
DEF-hand.L=Transform3D(0.991662, 0.1328, 0.0453112, -0.124865, 0.97658, -0.157184, -0.0653357, 0.149257, 0.98813, -6.79865e-08, 0.118434, -3.72529e-09)
ORG-shoulder.R=Transform3D(0.507095, -0.86189, -0.000528812, 0.0219665, 0.0123106, 0.999683, -0.86161, -0.506946, 0.0251754, -0.0183, 0.161417, 0.0784255)
ORG-upper_arm.R=Transform3D(-0.805855, 0.0916374, -0.566657, 0.541347, 0.446139, -0.697713, 0.190896, -0.87833, -0.413517, -0.0134228, 0.197478, -0.0203865)
ORG-forearm.R=Transform3D(0.998853, 4.33787e-09, 6.4589e-08, 4.54849e-08, 0.662104, -0.74788, -4.60617e-08, 0.74788, 0.662104, -3.91155e-08, 0.257289, 2.23517e-08)
ORG-hand.R=Transform3D(1.00226, -0.122372, -0.0663214, 0.133779, 0.980032, 0.21341, 0.0384251, -0.22015, 0.986894, -3.25963e-09, 0.236868, 3.1665e-08)
MCH-hand_tweak.R=Transform3D(1, 1.84402e-07, -2.70084e-07, -1.84402e-07, 1, 1.32713e-07, 2.70084e-07, -1.32713e-07, 1, -3.44589e-08, 8.00937e-08, -3.72529e-08)
hand_tweak.R=Transform3D(1, -4.21424e-07, 6.37025e-07, 4.21424e-07, 1, -2.9942e-07, -6.37025e-07, 2.9942e-07, 1, 3.25963e-09, 5.56465e-08, -8.3819e-09)
MCH-forearm_tweak.R=Transform3D(1.01188, 4.97581e-07, -7.08675e-07, -4.97581e-07, 1.01188, 1.27693e-07, 7.08675e-07, -1.27693e-07, 1.01188, -3.1665e-08, -6.42613e-08, 2.04891e-08)
forearm_tweak.R=Transform3D(1, -7.1153e-07, 9.26666e-07, 7.1153e-07, 1, -5.3085e-08, -9.26666e-07, 5.30857e-08, 1, -1.86265e-09, -4.65661e-08, -2.23517e-08)
MCH-forearm_tweak.R.001=Transform3D(1.01153, -5.10336e-07, -0.0265087, 5.28167e-07, 1.01188, 6.73754e-07, 0.0265087, -6.87361e-07, 1.01153, -3.72529e-08, 0.118434, 1.49012e-08)
forearm_tweak.R.001=Transform3D(0.999847, -6.52015e-07, 0.0175087, 6.51836e-07, 1, 1.59522e-08, -0.0175087, -4.53693e-09, 0.999847, -4.00469e-08, -4.88944e-08, 2.6077e-08)
MCH-upper_arm_parent_widget.R=Transform3D(1.01072, 7.1351e-07, -8.13289e-07, -7.1351e-07, 1.01072, 3.31341e-07, 8.13289e-07, -3.3134e-07, 1.01072, -7.26432e-08, 2.07219e-08, 0)
MCH-upper_arm_tweak.R.001=Transform3D(1.01021, 1.50981e-08, 0.0319858, -1.67127e-08, 1.01072, 5.07572e-08, -0.0319858, -5.12609e-08, 1.01021, -8.19564e-08, 0.128644, 1.49012e-08)
upper_arm_tweak.R.001=Transform3D(1, -6.35158e-07, 2.17631e-05, 6.35166e-07, 1, -3.46445e-07, -2.17631e-05, 3.46459e-07, 1, -4.37722e-08, 4.65661e-08, 2.98023e-08)
DEF-shoulder.R=Transform3D(1, -5.95816e-08, -1.16484e-07, 5.95816e-08, 1, 2.15405e-08, 1.16484e-07, -2.15405e-08, 1, 9.55333e-09, -1.74623e-08, -4.61114e-08)
upper_arm_parent.R=Transform3D(0.819324, -0.141817, 0.555514, -0.433269, 0.481403, 0.761924, -0.37548, -0.86495, 0.33298, -0.0134228, 0.197478, -0.0203865)
MCH-upper_arm_parent.R=Transform3D(0.507095, 0.86189, 7.35755e-05, -0.86189, 0.507095, -0.000570479, -0.000529, 0.000225873, 1, -0.0134228, 0.197478, -0.0203865)
upper_arm_fk.R=Transform3D(-0.816093, -0.486374, 0.312142, -0.417031, 0.121691, -0.900709, 0.400097, -0.865235, -0.302144, 1.5428e-08, 2.65183e-09, 1.21135e-07)
forearm_fk.R=Transform3D(1, -6.48708e-08, 9.58928e-08, 9.15915e-08, 0.949904, -0.312542, -7.08141e-08, 0.312542, 0.949904, 5.7742e-08, 0.257289, 1.49012e-08)
MCH-hand_fk.R=Transform3D(0.945802, -0.324745, 5.28991e-07, 0.317536, 0.924807, -0.209532, 0.0680439, 0.198176, 0.977802, -3.91155e-08, 0.236869, -1.58325e-08)
hand_fk.R=Transform3D(1, 2.06754e-07, -3.3062e-07, -2.06754e-07, 1, 2.05822e-07, 3.3062e-07, -2.05822e-07, 1, 1.86265e-09, -3.95812e-09, 2.79397e-09)
MCH-upper_arm_ik_swing.R=Transform3D(-0.908833, -0.188802, 0.371991, -0.369143, -0.0513813, -0.927952, 0.194313, -0.98067, -0.022998, 1.5428e-08, 2.65183e-09, 1.21135e-07)
upper_arm_ik.R=Transform3D(0.987588, 0.0234976, -0.0549296, -2.34968e-07, 0.909659, 0.389127, 0.0597445, -0.388417, 0.907999, 7.91624e-08, 5.82368e-08, -2.6077e-08)
MCH-forearm_ik.R=Transform3D(0.998853, 1.04395e-08, 7.46378e-08, 4.89643e-08, 0.662104, -0.74788, -5.72913e-08, 0.74788, 0.662104, 2.42144e-08, 0.257289, -1.86265e-08)
MCH-upper_arm_tweak.R=Transform3D(-0.778367, 0.0926202, -0.620941, 0.588796, 0.450922, -0.670813, 0.217865, -0.887745, -0.405517, -0.0134228, 0.197478, -0.0203865)
upper_arm_tweak.R=Transform3D(1, -1.50874e-07, 2.79397e-07, 1.50874e-07, 1, -1.30385e-07, -2.79397e-07, 1.30385e-07, 1, -1.86265e-09, 1.41561e-07, -6.89179e-08)
DEF-upper_arm.R=Transform3D(-0.782528, 0.0916378, -0.62426, 0.591944, 0.446138, -0.674399, 0.219029, -0.87833, -0.407684, -0.0134228, 0.197478, -0.0203865)
DEF-upper_arm.R.001=Transform3D(0.999584, 1.03591e-07, -0.0288348, -9.40613e-08, 1, 3.31857e-07, 0.0288348, -3.29007e-07, 0.999584, 1.02445e-07, 0.128644, 0)
DEF-forearm.R=Transform3D(1.00008, -0.0233663, -0.0211222, -1.82272e-05, 0.656247, -0.755953, 0.0315576, 0.740872, 0.668939, 9.68575e-08, 0.128644, -1.11759e-08)
DEF-forearm.R.001=Transform3D(0.999962, -2.27721e-08, -0.008691, 2.28319e-08, 1, 6.7846e-09, 0.008691, -6.98278e-09, 0.999962, 3.72529e-09, 0.118434, -1.11759e-08)
DEF-hand.R=Transform3D(0.985305, -0.124197, -0.0559414, 0.131344, 0.978962, 0.209967, 0.0283672, -0.218869, 0.97089, -5.44824e-08, 0.118434, -3.25963e-08)
ORG-breast.L=Transform3D(-1, -2.14097e-07, -6.86104e-08, -6.315e-08, -0.0254011, 0.999677, -2.15771e-07, 0.999677, 0.025401, 0.1184, 0.0189331, -0.0421326)
DEF-breast.L=Transform3D(1, 2.42445e-08, -6.25544e-08, -2.42445e-08, 1, 3.72529e-08, 6.25544e-08, -3.72529e-08, 1, -4.62333e-09, -7.97633e-10, -5.59968e-09)
ORG-breast.R=Transform3D(-1, -2.14097e-07, -6.86104e-08, -6.315e-08, -0.0254011, 0.999677, -2.15771e-07, 0.999677, 0.025401, -0.1184, 0.0189331, -0.0421327)
DEF-breast.R=Transform3D(1, 2.42445e-08, -6.25544e-08, -2.42445e-08, 1, 3.72529e-08, 6.25544e-08, -3.72529e-08, 1, -4.62333e-09, 9.11849e-10, 9.21321e-09)
breast.L=Transform3D(-1, -2.14097e-07, -6.86104e-08, -6.315e-08, -0.0254011, 0.999677, -2.15771e-07, 0.999677, 0.025401, 0.1184, 0.0189331, -0.0421326)
breast.R=Transform3D(-1, -2.14097e-07, -6.86104e-08, -6.315e-08, -0.0254011, 0.999677, -2.15771e-07, 0.999677, 0.025401, -0.1184, 0.0189331, -0.0421327)
shoulder.L=Transform3D(0.507095, 0.86189, 0.00052923, -0.0219666, 0.0123103, 0.999683, 0.86161, -0.506946, 0.0251752, 0.0183, 0.161417, 0.0784255)
shoulder.R=Transform3D(0.507095, -0.86189, -0.000528812, 0.0219665, 0.0123106, 0.999683, -0.86161, -0.506946, 0.0251754, -0.0183, 0.161417, 0.0784255)
MCH-WGT-chest=Transform3D(1, -2.29282e-15, 4.24452e-14, 2.29282e-15, 1, -3.72529e-09, -4.24452e-14, 3.72529e-09, 1, -2.22051e-16, 2.08383e-08, 1.39698e-09)
MCH-hand_ik.parent.L=Transform3D(1, 0, 0, 0, 0, 1, 0, -1, 0, 0.406766, 0.931504, -0.012176)
hand_ik.L=Transform3D(-0.857069, -0.0168598, -0.514925, 0.507918, -0.195104, -0.839019, -0.0863182, -0.980637, 0.175781, -0.102455, 5.58794e-09, -0.128721)
MCH-upper_arm_ik_target.L=Transform3D(1, -1.86264e-08, -7.77654e-08, 1.86264e-08, 1, -4.51691e-08, 7.77654e-08, 4.51691e-08, 1, 1.81608e-08, 6.03031e-08, -3.91155e-08)
Club=Transform3D(1, -2.10013e-07, -8.42847e-08, -8.42847e-08, 0, -1, 2.10013e-07, 1, 0, 0.0342394, 0.101022, -0.00276373)
MCH-upper_arm_ik_target.parent.L=Transform3D(1, 0, 0, 0, 0, 1, 0, -1, 0, 0.506989, 1.14227, -0.494889)
upper_arm_ik_target.L=Transform3D(-0.601771, -0.382321, -0.701215, 0.382322, -0.908745, 0.16737, -0.701216, -0.167371, 0.693026, 0, 0, 0)
MCH-hand_ik.parent.R=Transform3D(1, 0, 0, 0, 0, 1, 0, -1, 0, -0.406766, 0.931504, -0.012176)
hand_ik.R=Transform3D(-0.857069, 0.0168599, 0.514924, -0.507918, -0.195104, -0.839019, 0.0863181, -0.980637, 0.175781, 0.127328, -0.0149071, -0.0853027)
MCH-upper_arm_ik_target.R=Transform3D(1, 5.58794e-09, 1.76951e-08, -5.58794e-09, 1, -4.19095e-08, -1.76951e-08, 4.19095e-08, 1, -2.00234e-08, -6.51926e-09, -4.47035e-08)
MCH-upper_arm_ik_target.parent.R=Transform3D(1, 0, 0, 0, 0, 1, 0, -1, 0, -0.506988, 1.14228, -0.494889)
upper_arm_ik_target.R=Transform3D(-0.601771, 0.382321, 0.701215, -0.382322, -0.908745, 0.16737, 0.701216, -0.167371, 0.693026, 0, 0, 0)
MCH-foot_ik.parent.L=Transform3D(1, 0, 0, 0, 0, 1, 0, -1, 0, 0.098, 0.0852, -0.0162)
foot_ik.L=Transform3D(1, 0, 0, 0, 1, 0, 0, 0, 1, 0.0175752, -0.256856, 0)
foot_spin_ik.L=Transform3D(1, 0, 0, 0, 1, 0, 0, 0, 1, 0.0252621, -0.110187, -0.0685)
foot_heel_ik.L=Transform3D(1, 0, 0, 0, 1, 0, 0, 0, 1, -0.0252621, 0.110187, 0.0685)
MCH-heel.02_rock2.L=Transform3D(1, 0, 0, 0, 1, 0, 0, 0, 1, -0.0632621, 0.139887, -0.0167)
MCH-heel.02_rock1.L=Transform3D(1, 0, 0, 0, 1, 0, 0, 0, 1, 0.08, 3.72529e-09, 0)
MCH-heel.02_roll2.L=Transform3D(1, 0, 0, 0, 1, 0, 0, 0, 1, -0.04, 0, 0)
MCH-heel.02_roll1.L=Transform3D(1, 0, 0, 0, 1, 0, 0, 0, 1, 0.0232621, -0.139887, 0.0167)
MCH-foot_roll.L=Transform3D(0.974711, 0.191119, -0.115811, 0.223469, -0.833613, 0.505125, -2.32458e-06, -0.518231, -0.855241, -0.0252621, 0.110187, 0.0685)
MCH-thigh_ik_target.L=Transform3D(1, -1.16113e-08, 2.72919e-07, 1.16113e-08, 1, -1.4063e-07, -2.72919e-07, 1.4063e-07, 1, 1.88349e-09, -7.45058e-09, 1.86265e-09)
MCH-toe_ik_parent.L=Transform3D(0.974711, 0.223468, -2.23145e-06, 0.191118, -0.833613, -0.518231, -0.11581, 0.505125, -0.85524, 7.87751e-09, 0.13218, -7.45058e-09)
toe_ik.L=Transform3D(-0.973782, 0.227494, 1.30948e-07, -0.227495, -0.973779, -2.88006e-08, 1.20963e-07, -5.78353e-08, 1, -1.65808e-09, 2.0293e-09, 2.13048e-10)
MCH-thigh_ik_target.parent.L=Transform3D(1, 0, 0, 0, 0, 1, 0, -1, 0, -0.285128, 0.400137, 0.735168)
thigh_ik_target.L=Transform3D(0.890401, 0.455175, -0.00100805, -0.455175, 0.890392, -0.00418652, -0.00100804, 0.00418652, 0.999991, 0, 0, 0)
MCH-foot_ik.parent.R=Transform3D(1, 0, 0, 0, 0, 1, 0, -1, 0, -0.098, 0.0852, -0.0162)
foot_ik.R=Transform3D(1, 0, 0, 0, 1, 0, 0, 0, 1, -0.124871, 0.253952, 0)
foot_spin_ik.R=Transform3D(1, 0, 0, 0, 1, 0, 0, 0, 1, -0.0252621, -0.110187, -0.0685)
foot_heel_ik.R=Transform3D(1, 0, 0, 0, 1, 0, 0, 0, 1, 0.0252621, 0.110187, 0.0685)
MCH-heel.02_rock2.R=Transform3D(1, 0, 0, 0, 1, 0, 0, 0, 1, 0.0632621, 0.139887, -0.0167)
MCH-heel.02_rock1.R=Transform3D(1, 0, 0, 0, 1, 0, 0, 0, 1, -0.08, 3.72529e-09, 0)
MCH-heel.02_roll2.R=Transform3D(1, 0, 0, 0, 1, 0, 0, 0, 1, 0.04, 0, 0)
MCH-heel.02_roll1.R=Transform3D(1, 0, 0, 0, 1, 0, 0, 0, 1, -0.0232621, -0.139887, 0.0167)
MCH-foot_roll.R=Transform3D(0.974711, -0.191119, 0.11581, -0.223469, -0.833613, 0.505125, 2.19792e-06, -0.518231, -0.855241, 0.0252621, 0.110187, 0.0685)
MCH-thigh_ik_target.R=Transform3D(1, 6.95251e-08, -1.70647e-07, -6.95251e-08, 1, -4.09782e-08, 1.70647e-07, 4.09782e-08, 1, 4.49084e-09, 1.86265e-09, -1.86265e-09)
MCH-toe_ik_parent.R=Transform3D(0.974711, -0.223468, 2.22772e-06, -0.191118, -0.833613, -0.518231, 0.11581, 0.505125, -0.85524, 4.91218e-09, 0.13218, -2.79397e-09)
toe_ik.R=Transform3D(-0.973781, -0.227495, -4.86371e-08, 0.227495, -0.973779, -1.47465e-08, -4.40071e-08, -2.54245e-08, 1, -2.71947e-09, -3.35641e-09, -7.37097e-10)
MCH-thigh_ik_target.parent.R=Transform3D(1, 0, 0, 0, 0, 1, 0, -1, 0, 0.285128, 0.400137, 0.735168)
thigh_ik_target.R=Transform3D(0.890401, -0.455175, 0.00100805, 0.455175, 0.890392, -0.00418652, 0.00100804, 0.00418652, 0.999991, 0, 0, 0)

[Stand_offset]

fp_offset=Vector2(0.5, 1)
td_offset=Vector2(0.5, 0.8)

[Ambulate_0]

root=Transform3D(1, 0, 0, 0, 0, 1, 0, -1, 0, 0, 0, 0)
DEF-spine=Transform3D(1, 1.20792e-13, 2.38419e-07, 2.3087e-07, -0.24964, -0.968339, 5.95187e-08, 0.968339, -0.24964, 0, 0.0552, 0.71792)
DEF-spine.001=Transform3D(1, 2.81635e-08, -2.3675e-07, 0, 0.992999, 0.118126, 2.38419e-07, -0.118126, 0.992999, -2.22045e-15, 0.152219, 9.31323e-09)
DEF-spine.002=Transform3D(0.999992, 0.000336052, -0.00381551, 0.000344508, 0.984215, 0.176976, 0.00381475, -0.176976, 0.984208, 0, 0.125837, 2.61934e-09)
DEF-spine.003=Transform3D(0.999934, 0.000123021, -0.0114513, -0.000336108, 0.999827, -0.0186081, 0.011447, 0.0186107, 0.999761, 1.11022e-16, 0.125008, 4.19095e-09)
DEF-spine.004=Transform3D(0.999998, 0.000804976, 0.00202919, 5.55454e-05, 0.919848, -0.392275, -0.00218232, 0.392274, 0.919846, 9.61571e-17, 0.216527, 0)
DEF-spine.005=Transform3D(0.999996, 6.70552e-08, -0.00271482, 0.000512653, 0.982004, 0.188858, 0.00266598, -0.188859, 0.982, 9.84336e-16, 0.0661634, -7.45058e-09)
DEF-spine.006=Transform3D(0.999947, -0.00050655, 0.0103056, -0.00142546, 0.982435, 0.186601, -0.0102191, -0.186606, 0.982382, -5.23291e-15, 0.0627012, 2.04891e-08)
VIS_upper_arm_ik_pole.L=Transform3D(-0.788428, 9.54769, -0.390721, 0.321837, 17.2811, 0.396188, 0.524216, 3.7503, -0.830886, 0.288017, 0.077571, 1.02804)
VIS_upper_arm_ik_pole.R=Transform3D(-0.752816, -9.57708, 0.413217, -0.345324, 15.736, 0.414745, -0.560375, 3.16887, -0.810703, -0.272445, 0.129805, 1.04204)
VIS_thigh_ik_pole.L=Transform3D(0.353796, -11.0618, 0.724157, -0.32706, -15.0175, -0.497163, 0.876276, -1.13892, -0.477938, 0.163643, -0.122235, 0.420858)
VIS_thigh_ik_pole.R=Transform3D(0.182885, 12.6292, -0.71086, 0.345386, -13.4141, -0.600303, -0.920468, -2.5241, -0.366489, -0.228361, -0.188, 0.47711)
MCH-torso.parent=Transform3D(1, 0, 0, 0, 0, 1, 0, -1, 0, 0, 0.905014, -0.0362)
torso=Transform3D(1, 0, 0, 0, 1, 0, 0, 0, 1, 0, 0, -0.113393)
hips=Transform3D(1, 0, 0, 0, 1, 0, 0, 0, 1, 0, -0.0358, 0.198411)
chest=Transform3D(0.999883, 0.0152772, 0, -0.0152772, 0.999883, 0, 0, 0, 1, 0, -0.0358, 0.198411)
MCH-spine.001=Transform3D(1, 0, 0, 0, 1, 0, 0, 0, 1, 0, -0.0358, 0.198411)
spine_fk.001=Transform3D(1, 0, 0, 0, -0.133506, -0.991048, 0, 0.991048, -0.133506, 0, 3.72529e-09, 0)
MCH-spine=Transform3D(1, 0, 0, 0, -0.133506, 0.991048, 0, -0.991048, -0.133506, 0, -0.125837, 1.11759e-08)
spine_fk=Transform3D(1, 1.20792e-13, 2.38419e-07, 2.3087e-07, -0.24964, -0.968339, 5.95187e-08, 0.968339, -0.24964, 0, 9.63042e-09, 6.01172e-08)
tweak_spine=Transform3D(1, -2.13163e-14, 2.57572e-14, 2.13163e-14, 1, -8.9407e-08, -2.57572e-14, 8.9407e-08, 1, 5.32907e-15, -0.152219, -2.23517e-08)
ORG-spine=Transform3D(1, 1.06581e-14, -1.86517e-14, -1.06581e-14, 1, 4.47035e-08, 1.86517e-14, -4.47035e-08, 1, 8.88179e-16, -2.79397e-09, 3.72529e-09)
ORG-pelvis.L=Transform3D(-0.421773, 0.536322, -0.731072, -0.0525324, 0.79049, 0.610218, 0.905178, 0.295779, -0.305233, -1.77636e-15, -2.79397e-09, 7.45058e-09)
DEF-pelvis.L=Transform3D(1, -7.45058e-08, 1.22935e-07, 7.45058e-08, 1, 1.04308e-07, -1.22935e-07, -1.04308e-07, 1, 4.3425e-08, -1.15737e-08, -3.21425e-08)
ORG-pelvis.R=Transform3D(-0.421773, -0.536322, 0.731072, 0.0525321, 0.79049, 0.610218, -0.905179, 0.295778, -0.305233, -1.77636e-15, -2.79397e-09, 7.45058e-09)
DEF-pelvis.R=Transform3D(1, -4.47035e-08, -1.93715e-07, 4.47035e-08, 1, 3.35276e-08, 1.93715e-07, -3.35276e-08, 1, 1.42838e-08, -8.37532e-08, -2.60003e-08)
ORG-thigh.L=Transform3D(0.947826, 0.163671, -0.162404, 0.037695, -0.787825, -0.573976, -0.227469, 0.551435, -0.771826, 0.098, 0.0708184, 0.0259423)
ORG-shin.L=Transform3D(0.999795, -4.4359e-08, -6.79181e-08, -2.86613e-08, 0.589923, -0.807205, 7.58889e-08, 0.807205, 0.589923, -3.95812e-09, 0.403207, -9.31323e-10)
ORG-foot.L=Transform3D(1.02067, -0.0441562, -0.087539, 0.0870318, -0.0135228, 1.02158, -0.0451474, -1.02433, -0.00971293, -1.71713e-09, 0.407787, -4.19095e-09)
ORG-toe.L=Transform3D(-0.999992, 0.00413313, -1.84704e-06, 0.00353578, 0.855233, -0.518231, -0.00214034, -0.518227, -0.85524, -3.37296e-06, 0.13217, -2.79852e-05)
ORG-heel.02.L=Transform3D(-1.54972e-06, 0.97471, 0.223471, -0.518232, 0.19112, -0.833612, -0.85524, -0.115811, 0.505126, -0.0304018, 0.0121325, 0.0922695)
MCH-foot_tweak.L=Transform3D(1, 2.06273e-07, -4.05446e-07, -2.06273e-07, 1, -2.20723e-07, 4.05446e-07, 2.20723e-07, 1, -2.37802e-08, 3.35276e-08, -3.72529e-09)
foot_tweak.L=Transform3D(1, -1.50585e-07, -1.11441e-08, 1.50585e-07, 1, 3.00817e-07, 1.11441e-08, -3.00817e-07, 1, 1.47772e-09, 3.72529e-09, 1.86265e-08)
MCH-shin_tweak.L=Transform3D(1.02537, 2.82904e-08, 3.21699e-08, -2.82904e-08, 1.02537, -3.53332e-08, -3.21699e-08, 3.53332e-08, 1.02537, -4.65661e-10, -1.75787e-08, -1.86265e-08)
shin_tweak.L=Transform3D(1, -5.54137e-08, -2.46728e-08, 5.54137e-08, 1, 5.40167e-08, 2.46728e-08, -5.40167e-08, 1, -1.16415e-09, -1.43191e-08, 1.86265e-09)
MCH-shin_tweak.L.001=Transform3D(1.02522, -1.63602e-09, -0.0177804, 1.11272e-09, 1.02537, -3.01884e-08, 0.0177804, 3.01644e-08, 1.02522, 4.83124e-09, 0.203893, -2.39525e-08)
shin_tweak.L.001=Transform3D(0.944256, -8.89251e-08, 0.329213, 7.61517e-08, 1, 5.16944e-08, -0.329213, -2.37426e-08, 0.944256, -7.40329e-09, 1.05847e-08, -1.45519e-09)
MCH-thigh_parent_widget.L=Transform3D(1.02516, 1.19106e-07, 1.65739e-08, -1.19106e-07, 1.02516, -5.91948e-08, -1.65739e-08, 5.91948e-08, 1.02516, -1.28057e-08, 1.07568e-07, 3.72529e-09)
MCH-thigh_tweak.L.001=Transform3D(0.963255, 6.76022e-08, 0.350844, -9.33484e-08, 1.02516, 5.87592e-08, -0.350844, -8.7158e-08, 0.963255, -1.12923e-08, 0.201604, -1.11759e-08)
thigh_tweak.L.001=Transform3D(1, 5.89062e-08, 7.38073e-08, -5.89062e-08, 1, -6.51926e-09, -7.38073e-08, 6.51926e-09, 1, -9.60426e-09, -3.15194e-08, 1.04774e-09)
ORG-thigh.R=Transform3D(0.889026, -0.323788, 0.179513, -0.0709205, -0.607253, -0.744075, 0.363364, 0.673674, -0.584434, -0.098, 0.0708184, 0.0259423)
ORG-shin.R=Transform3D(0.998529, 7.21976e-08, 2.27989e-08, 2.02061e-08, 0.035659, -0.997893, -7.29657e-08, 0.997893, 0.035659, -1.32713e-08, 0.403207, 0)
ORG-foot.R=Transform3D(1.01648, 0.0283706, -0.217672, 0.177617, 0.499644, 0.894556, 0.128989, -0.911577, 0.48354, -7.49424e-09, 0.407787, -6.98492e-09)
ORG-toe.R=Transform3D(-0.999992, -0.00413308, 1.85217e-06, -0.00353574, 0.855233, -0.518231, 0.00214031, -0.518227, -0.85524, -3.77459e-06, 0.132141, -2.11129e-05)
ORG-heel.02.R=Transform3D(1.54972e-06, -0.974711, 0.22347, -0.518232, 0.19112, 0.833612, -0.85524, -0.115811, -0.505126, 0.0304018, 0.0121325, 0.0922695)
MCH-foot_tweak.R=Transform3D(1, 2.10464e-08, 3.31637e-07, -2.10465e-08, 1, 2.29105e-07, -3.31637e-07, -2.29105e-07, 1, -1.92298e-08, 4.65661e-08, 2.98023e-08)
